90.370687 -86.191596
18.652514 -35.985674
54.859537 79.682946
20.758694 72.007106
-54.960750 56.594825
55.774890 51.498983
-21.477489 3.807103
14.745744 118.483823
106.766945 62.716800
-139.432754 34.313075
-70.813532 49.527208
0.549599 -1.268013
-92.594676 153.135271
-151.723545 97.322120
-90.240429 34.887561
-32.688704 20.071534
-76.257104 31.468418
-130.122066 20.928558
-154.308101 0.650258
-197.167539 202.858450
-104.346374 91.313105
-256.652459 251.725701
-62.663900 54.361980
-121.744252 111.329072
-83.829926 71.788992
-27.505156 5.444723
-90.641249 76.797602
-75.808207 46.666639
-116.699408 138.032637
-208.447633 107.285225
-121.437076 103.776451
-115.868663 34.826315
-106.344166 -126.901409
-25.799490 5.244587
-103.799679 -63.927889
-107.721500 -93.055224
-170.162725 -20.012653
-200.564541 -31.344967
-224.579242 -146.680219
-176.558122 -80.772299
-183.015684 -31.182918
-207.977016 -322.547729
-262.529839 -263.016521
-282.232096 -325.231983
-191.819567 -281.981972
-270.657375 -331.376007
-189.066035 -205.563743
-91.248830 -75.782962
-256.641122 -224.008163
-243.841799 -189.756309
-241.249991 -206.260713
-414.990723 -264.760222
-174.957683 -238.775447
-203.944564 -297.414515
-210.151765 -299.190728
-69.653986 -132.307834
-297.751406 -332.980527
-220.922981 -280.179606
-166.912362 15.823969
-282.506387 -292.603244
-238.928999 -160.455081
-264.352303 -200.401870
-369.359930 -301.045977
-65.594040 -63.976046
-1.685174 -75.478677
-512.308490 -381.068065
-447.805624 -345.633462
-376.994052 -282.351063
-307.032800 -267.699348
-385.224481 -319.611792
-271.058248 -232.282105
-368.091666 -225.394142
-274.699275 -199.453683
-176.950494 -137.766969
-96.052529 -122.657245
-238.126590 -198.533690
-238.977468 -99.269676
33.515967 10.916893
-320.264677 -203.302397
-194.193390 -211.386271
-119.508057 -132.895123
-76.390030 -120.845399
-17.348802 -93.082148
-379.163298 -357.362290
-430.352683 -384.961417
-420.224821 -388.674026
-532.407037 -479.977149
-216.119630 -285.735484
-501.209283 -235.728089
-593.272043 -362.101180
-597.962754 -406.278380
-505.456840 -257.753131
-507.962310 -366.763046
-466.174612 -208.274626
-428.542709 -146.665455
-271.349002 57.929196
-546.500467 -271.585852
-349.361848 -21.065746
-243.251972 25.868726
-359.183697 -43.980660
-435.895997 -126.190208
-205.002028 10.943159
-568.149629 -314.809254
-423.747265 -226.186030
-365.687104 -145.557953
-468.470462 -319.192069
-334.582468 -141.146542
-486.802586 -340.556086
-394.481814 -206.507902
-510.557888 -408.723585
-316.169402 -337.283274
-124.360596 -173.493033
-326.353068 -313.847621
-492.253552 -385.218240
-103.965248 -186.188421
-185.326299 -145.704245
69.377715 -255.129874
-290.013499 -288.942649
-170.547896 -200.874282
42.917827 -235.701575
-271.604175 -270.523354
-450.013166 -394.758409
-202.614767 42.099797
-276.596635 -235.534349
-367.890887 -467.062311
-302.109323 -265.532099
-105.191104 -353.955330
-133.298548 -64.624381
-253.253569 -200.132174
-229.110605 -238.392769
190.882842 -277.760317
-7.167306 -165.266803
-14.184992 -155.808072
-179.681215 -306.696263
-288.498155 -403.776094
-415.621578 -203.144363
-358.835250 -399.690318
-30.986071 -179.234890
-402.541180 -352.628196
-203.563042 -93.991119
-311.328079 -330.741280
-260.080592 -334.053655
-358.855315 -390.460350
-422.839467 -427.085220
-290.463330 -456.890160
-12.077384 -252.859559
-231.577375 -423.475833
-337.599499 -587.878281
68.460180 -227.722735
-114.104823 -339.144603
154.891230 -64.445244
-65.185156 -275.699680
49.382061 -246.152318
-281.918855 -106.732216
-125.931039 -237.446197
140.391361 -223.893341
-206.834508 -300.389578
-291.199075 -309.708073
-411.548444 -284.292368
-156.488120 -191.837590
-170.556106 -182.315890
-487.667764 -185.539512
-232.704116 -96.839066
-502.717342 -130.773698
-480.223828 -326.755924
88.094275 -247.341995
-329.859929 -255.015637
-551.497783 12.586652
-312.489254 -223.034328
124.620710 -295.706634
-9.230419 -177.446901
-472.933157 -285.087352
-401.709671 -179.791793
-491.911044 -63.536329
-330.626572 -155.967515
-454.157296 -284.692952
-241.496899 -292.984840
-250.041555 -285.402341
-229.818741 -330.735148
-461.323447 -375.359758
-568.806326 -295.834183
-392.756910 -278.324239
-592.153617 -351.397410
-262.247321 -239.932891
-323.840543 -294.996325
-674.157252 -616.581633
-74.409201 -134.952150
-422.651004 -212.172642
-717.105277 -499.282510
-571.488732 -220.851961
-560.954214 -312.584955
-668.128171 -98.990952
-469.271779 -236.253032
-434.569856 -230.019774
-578.855823 -382.505664
-24.893966 -43.754146
-578.524779 -48.379192
-623.918954 -355.206793
-331.177009 -226.607708
-171.191816 -90.488810
-647.039628 -302.669183
11.410688 -133.565344
6.803802 -165.077576
-612.498756 -218.624864
-93.760962 -122.937648
-906.392312 -419.856444
-8.961819 -116.480560
-201.472881 -65.598141
-135.469995 -92.809519
-84.273661 -137.946800
-84.830626 -129.290102
-590.946887 -136.479780
-230.800210 -54.417561
-34.946118 -118.254464
-690.315548 -193.142021
-92.202125 42.633715
-831.866305 -284.100384
-995.668245 -318.605350
-200.561646 95.325060
-850.900986 -237.062896
-277.943219 105.143751
-708.815426 -195.582700
-847.528096 -301.832710
-308.659820 29.779954
-424.281243 -116.370038
-195.129315 71.536536
-61.124356 41.721448
-452.250903 -244.132423
-679.184144 -363.735254
-173.535855 95.990757
-358.631315 -74.407932
-243.386814 24.763351
-240.984379 17.149732
-309.127827 -87.110449
-335.271589 -53.365632
-759.727600 -360.049236
-386.525484 -240.075074
-400.850010 -180.419632
-363.028728 -199.441568
-368.937608 -216.828778
-592.040651 -271.870306
-295.385657 -28.940377
-659.168061 -306.454710
-525.850351 -236.139837
-787.147201 -207.398533
-333.249371 -104.938166
-655.302328 -333.141814
-491.130912 -188.785454
-328.028898 -107.403032
-305.529511 -33.063758
-427.726810 -197.075459
-401.310017 -137.930263
-131.719260 -155.515724
-386.243015 -157.907067
-158.834496 -130.818006
-644.808218 -267.092813
-219.535899 -7.914773
-314.894064 -21.325630
-335.941822 -2.300425
-461.046273 -258.973100
-437.039810 -176.013293
-342.059403 -136.339005
-701.790965 -272.214399
-143.162495 -28.433338
-230.518056 -150.359300
-598.325228 -374.844100
-212.152826 -143.955823
2.615471 -191.186636
-179.813687 -241.960685
92.202125 -355.965337
-361.365498 -340.832788
-804.450521 -597.020995
-283.957805 -302.857614
0.824971 -165.091307
-595.381421 -666.047113
-559.016209 -426.910816
-499.346760 -460.787935
-353.653371 -409.776108
-683.716768 -536.842038
-150.426837 -384.373789
2.506261 -356.415853
-327.560755 -415.195565
-166.116023 -467.896033
-557.714954 -438.189879
-213.770005 -440.104781
-169.963923 -458.009393
-938.405474 -564.946890
-70.419985 -387.506646
-611.703884 -693.532118
-310.074785 -495.440236
-429.616828 -619.485282
-464.417042 -513.616147
-399.286352 -424.695059
-560.017659 -506.621142
-614.582117 -530.434311
-401.741004 -517.791301
-33.808171 -203.874254
-506.545569 -435.400838
-590.419391 -434.874734
-600.543299 -375.988047
-660.891154 -562.684312
-691.826008 -527.082992
-662.710918 -430.326001
-734.771974 -667.610413
-558.806116 -580.825461
-652.355545 -659.281540
-732.574705 -658.686709
-591.900771 -578.194386
-382.980292 -445.627332
-229.909245 -356.698375
-177.718109 -333.484482
-696.131946 -675.411310
-749.251912 -784.373630
-468.145715 -410.617680
-595.868500 -609.379793
-390.609971 -398.733924
-385.254963 -412.422624
-609.608206 -584.532757
-814.035213 -896.684386
-761.725933 -934.741187
-170.299060 -266.288970
-735.066897 -926.140966
-583.225498 -732.893520
-571.441504 -624.303678
-551.768626 -598.180076
-242.956812 -531.726931
-505.557969 -650.700968
-425.766010 -590.217719
-387.756786 -450.457519
-528.369745 -624.355930
-556.598895 -1004.785720
-503.874539 -1240.996076
-482.711164 -787.059653
-761.050982 -1102.641270
-711.787215 -1046.913390
-130.887755 -421.503584
-974.603175 -1075.027924
-491.532269 -845.048563
-597.104577 -979.692164
-80.312015 16.908793
-834.454115 -1071.341090
-466.220725 -755.045831
-666.450078 -933.409661
-545.278277 -811.775553
-450.316765 -846.525854
-813.263352 -1022.340114
-730.246345 -844.969284
-818.395247 -1032.261647
-1076.557094 -895.769418
-796.500765 -729.347404
-1146.660376 -879.220115
-443.234320 -532.945236
-665.460288 -607.753840
-1032.391318 -850.570614
-958.427968 -802.536365
-934.308383 -1048.862336
-984.607622 -697.922461
-768.067502 -596.987619
-1137.945689 -675.962751
-1497.740784 -792.893014
-1286.091156 -937.833722
-1370.943888 -862.273688
-998.332072 -712.759838
-1108.288462 -762.990126
-1125.636137 -700.704419
-265.823241 206.503099
-1662.658182 -786.189696
-272.835450 -465.228812
-1273.595884 -709.223754
-807.971500 -612.328916
-1117.421905 -1036.679774
-871.759460 -544.907495
-794.379441 -576.572864
-957.537527 -629.555257
-1160.084832 -658.209281
-1029.543180 -615.115491
-1134.454583 -908.473088
-247.993833 -191.663623
-272.045600 -433.815486
-1886.130625 -347.678090
-1153.583451 -537.539308
-712.811588 -753.770077
-1200.906308 -714.204507
-1123.376891 -620.698649
-1110.441902 -953.408432
-883.706650 -588.697571
-1296.132248 -699.949729
-1055.702270 -579.970837
-973.873432 -560.298922
-1343.679442 -560.177885
-686.728756 -463.089268
-833.390865 -473.513222
-1090.644429 -399.507801
-1177.410931 -584.822123
-1118.214117 -433.341617
-1585.800726 -296.551742
-894.174254 -487.214202
-882.356443 -818.313732
-944.937103 -535.620082
-1067.449887 -668.526824
-1034.000129 -369.910364
-262.683357 -334.946996
-850.852872 -471.970968
-689.798921 -393.786009
-1025.759330 -718.313409
-1152.393162 -506.754733
-924.750863 -659.167813
-752.962923 -447.518940
-743.935950 -343.942576
-1179.450125 -632.015185
-917.425385 -916.882541
-435.692550 -323.997217
-767.103248 -453.872811
-385.646781 -352.986640
-540.326251 -936.728622
-505.232087 -1013.299428
-328.681592 -269.778528
-987.736799 -316.508077
-1333.724511 -267.002278
-181.840024 -310.215070
-959.917271 -303.640131
-646.485937 -926.690779
-750.633225 -448.464570
-1272.471446 -520.470719
-962.137598 -838.521016
-619.263910 -295.802769
-627.916498 -176.758019
-558.562149 -220.452053
-793.874694 -218.997804
-1191.437282 -437.108155
-1025.526503 -186.615709
-1208.922657 -664.080590
-1334.790899 -194.276907
-1190.186940 -135.423537
-1521.417630 -301.817136
-1609.070616 -224.693663
-601.907188 -235.953338
-675.437594 -240.896908
-707.138234 -253.711107
-1118.172598 -468.539634
-166.066839 -409.905554
-736.329023 -200.990830
-375.286898 -363.832360
-1131.008710 -716.119750
-1473.220340 -564.891789
-1268.136358 -698.376582
-1773.436554 -676.791966
-96.648830 -618.323275
-670.237906 -215.634562
-938.281500 -420.240021
-310.366655 -531.384932
-250.845206 -537.230074
-1496.861981 -588.944522
-1045.739049 -462.597284
-876.283442 -455.768233
-800.960707 -311.925141
-1150.451982 -625.443790
-1345.103812 -621.784059
-961.196753 -332.780916
-1090.836196 -362.504622
-678.050636 -167.751550
-1473.018143 -584.632083
-978.886275 -420.677101
-1311.433623 -626.765617
-1138.177964 -387.731736
-902.280676 -151.884450
-988.689083 -411.502877
-167.165955 -671.005796
-1546.132357 -370.899327
-1208.100925 -165.731948
-1395.191509 -294.771660
-617.285285 -381.678985
-1059.464809 -400.813605
-1473.430585 -302.364723
-1238.905090 -195.340423
-1287.896566 -283.226346
-1303.396087 -179.599222
-1318.254290 -847.971467
-1607.741797 -430.506192
-1501.550746 -338.412641
-916.739766 -54.350955
-495.793597 -521.547283
-1035.999569 -418.053372
-1288.926006 -651.429599
-1101.998658 -391.415097
-1616.292409 -565.935886
-1095.371643 -431.943046
-446.887774 -527.561652
-1493.185323 -571.029094
-709.982084 -413.971699
-1526.413139 -614.706965
-958.310646 -57.115451
-1311.121148 -336.667416
-786.786269 -303.340384
-1016.466418 -388.258660
-753.743349 -420.442797
-1472.538927 -583.665518
-903.843597 -788.672906
-158.070305 -738.519099
-1334.718844 -756.177828
-1384.564390 -523.135817
-831.661946 -413.552178
-1330.775595 -523.063308
-1641.315886 -491.097787
-1461.548049 -564.153456
-547.274185 -437.666006
-1228.989259 -581.039912
-1126.147146 -592.582553
-1089.036668 -656.496201
-1117.220708 -593.918555
-1286.275073 -772.438955
-1296.261993 -778.760880
-943.831382 -4.693127
-1093.650747 -570.536465
-1102.854016 -506.108578
-1274.510465 -468.069645
-1418.522129 -669.788109
-1302.753085 -463.015180
-1165.788088 -74.691457
-1189.831321 -424.082204
-1377.782014 -283.294200
-1263.346661 -158.398832
-1510.599830 -414.935329
-1415.820278 -559.901138
-930.262655 -422.376309
-1298.100871 -260.447474
-1365.887183 -233.159122
-1549.328969 -510.194124
-1449.462123 -340.347865
-1222.298112 -106.321060
-1246.839437 -482.895924
-809.528738 -455.046181
-618.397408 -382.428768
-1319.868004 -383.880964
-584.701676 -542.816221
-1200.156782 -365.526205
-1273.085738 -464.437958
-1425.297674 -598.174486
-663.215936 -267.176428
-1436.865790 -660.627901
-1273.353196 -552.538731
-1236.925002 -588.313146
-1313.910894 -518.563046
-1112.167954 -166.222803
-998.668367 -414.576550
-126.120591 -609.434611
-1039.798853 -110.195526
-1140.474655 -554.995943
-785.110881 60.666977
-1036.893485 -611.092763
-1062.412082 -653.746295
-957.961720 -662.347087
-935.736056 -296.174580
-143.851452 -800.571917
-200.478594 81.338639
-840.843184 -435.120159
-548.588522 -611.851277
-1173.011070 -600.263118
-901.731703 -663.123182
-837.793593 -556.438090
-79.758118 -705.295158
-682.395385 -472.950297
-651.927506 -431.771713
-1223.464123 -856.861485
-997.887275 -766.562053
-1006.509040 -732.817260
-831.176578 -612.612295
-1122.539065 -460.990890
-912.973738 -705.377894
-948.297049 -695.574458
-1286.027276 -846.969035
-346.057494 -648.697560
-1013.022789 -735.437521
-1081.132023 -853.618008
-1047.823773 -952.124488
-1056.251410 -861.234960
-1162.018992 -698.210592
-1113.498639 -666.142711
-887.795772 -570.185758
-511.719471 -366.173390
-1151.977535 -694.234213
-1055.039965 -837.620731
-1272.166296 -817.328563
-1294.433790 -484.981571
-938.820642 -766.570184
-1278.229042 -587.552487
-1323.330991 -866.474365
-1366.171071 -943.053342
-1406.462289 -912.867851
-1377.804623 -1017.508516
-1246.328797 -719.973096
-1499.358451 -1066.169045
-1087.349957 -753.177079
-1096.975769 -855.185514
-714.334486 -622.657634
-1530.624736 -1230.543092
-950.890607 -621.414948
-1056.743921 -581.878865
-839.950796 -604.685689
-921.813163 -368.243865
-1188.158678 -848.412872
-931.021088 -333.052167
-1018.272681 -491.486509
-1321.834934 -991.614718
-999.181341 -491.829642
-1101.365969 -677.829717
-1331.422063 -1131.798887
-1163.187886 -794.085493
-829.122310 -491.695408
-1090.861410 -779.625022
-143.936793 -871.764932
-662.479755 -601.920559
-1133.592494 -815.721618
-1032.241988 -831.528687
-779.083623 -1060.062223
-624.168055 -684.782452
-1081.977216 -840.011712
-1187.501835 -1123.752503
-500.802244 -508.425689
-683.288869 -708.626810
-877.256241 -682.516544
-840.930670 -716.509319
-849.432301 -785.934463
-1197.744980 -1255.241664
-977.086890 -863.083271
-358.832585 -835.468358
-1070.706414 -835.748003
-1055.461000 -889.208573
-668.224335 -837.553270
-1083.348288 -856.644716
-1116.540409 -877.863757
-295.462696 -872.531059
-1007.253605 -868.032397
-907.942586 -429.776475
-1035.190312 -539.282785
-1026.905672 -1048.519417
-1017.385187 -652.430747
-1138.710390 -867.020012
-190.765921 -845.391552
-587.275410 -804.982357
-1059.177259 -944.462532
-583.068265 -701.674668
-1287.652640 -1224.907458
-1527.729872 -1381.335635
-1439.196863 -1148.178349
-1462.404694 -1364.731929
-1418.330843 -1322.101824
-1075.674672 -1119.087074
-1321.537244 -973.852276
-1428.412328 -1075.290068
-694.808298 -901.555198
-605.171176 -616.694126
-1442.605999 -1077.639308
