2000 2000
87.262683 -95.639778
45.553515 -18.585029
-33.482897 3.611553
46.194606 79.917127
27.656329 -55.145641
94.716009 -56.285562
-72.664325 -89.542299
32.333064 94.811276
-92.879236 26.010858
-58.332918 -69.221448
-86.804524 -59.788030
16.724692 -22.963714
-57.102923 84.159174
30.240376 85.868929
-5.006673 -42.485223
-98.470982 24.434327
-33.229001 3.669620
76.561421 89.632605
13.728781 90.581223
2.026850 31.913607
-11.202811 -48.805967
62.268660 -61.464633
-3.215912 80.137690
-92.887433 69.999665
-97.996153 80.370385
-60.788498 79.082761
-63.609710 43.113366
43.031508 -25.293577
46.084238 21.844573
-21.573750 38.835307
-90.946011 -37.318314
22.303469 -88.667436
53.212697 91.134943
45.363646 63.802525
-4.904482 37.144508
-81.023532 79.133382
55.896058 -80.280404
-51.154866 -35.747609
-16.705420 -44.774805
47.073174 -13.418911
-37.746381 92.417305
4.787143 -92.179055
-65.313379 -96.034095
6.341392 88.771950
19.734880 -80.597278
96.673721 50.586496
-98.082495 -14.966227
-95.067516 -11.015907
90.320872 -67.347157
24.519347 -40.278175
-10.126571 66.837074
-9.589963 76.032207
-0.473699 87.413064
68.593220 -96.516789
-7.016803 -13.890743
72.415179 -59.386955
-99.948264 -88.794123
49.885334 -88.290734
26.298970 -29.497829
-61.040349 12.653565
-97.161838 67.509282
-91.433980 42.692032
89.174685 -86.101192
-6.180175 -22.369782
-70.797199 60.454846
-20.779951 -59.464431
-30.022784 81.111363
87.551929 -15.540316
-87.616174 -60.362824
-15.938907 -97.992614
24.591801 -98.917412
81.216330 -79.227704
5.444202 78.455501
93.384694 -77.678313
22.087320 27.345319
-19.447336 -23.396444
56.525450 5.207530
59.828588 44.089080
-76.771732 -98.227028
70.213953 -80.378315
-42.176436 40.463821
-17.968539 62.021189
14.682653 88.774338
-25.714899 88.342083
-5.467827 -71.897346
9.389985 86.674606
-30.518482 -93.697757
78.928555 23.103231
-94.678282 43.220434
46.789656 34.413690
54.981768 -92.513881
-51.335733 -96.493418
90.308834 23.160019
-96.452060 -23.652824
-21.363692 82.209467
-36.229733 -35.290363
27.290439 -24.572330
-1.874551 57.853233
95.871674 -8.754327
-48.669346 -79.961170
-90.822923 -32.317928
-78.123564 -11.483936
41.142576 -25.726740
-36.357290 21.527694
-80.753324 -52.779923
-71.014608 35.314146
-64.151150 -4.445720
-17.032608 -20.590842
-64.170496 89.913310
70.701151 83.158402
93.079394 -7.057000
55.737226 -59.503546
96.065224 75.461928
-99.919172 -16.177758
78.078244 12.093803
-2.712860 -21.768886
71.123888 80.589421
35.655127 -95.115280
-83.799157 -88.834198
-44.460572 12.109735
59.348306 54.250498
80.933746 34.500687
12.380136 -75.459426
-98.981019 -58.068799
61.579902 66.639780
-85.625264 71.337378
-3.122959 -61.937188
-24.223216 -3.273275
15.274857 13.863643
38.327654 3.060170
-66.796044 52.744955
-16.601407 10.020170
-71.163471 -33.051088
-86.719216 25.792120
22.888358 74.743093
-47.296990 -16.480436
15.705379 91.282732
92.042820 34.063654
95.402840 79.055048
57.220672 6.602848
-30.302065 -78.127119
65.532663 -30.172180
-42.819649 -85.735697
-94.875706 -38.984061
-41.870498 0.741794
-99.826554 -43.371145
-44.740157 -92.735719
-96.981516 84.597014
-88.137839 78.471265
83.629900 4.372343
37.830990 71.162192
-39.394954 31.808124
15.215149 -92.615855
88.552306 -71.261130
-96.848876 92.108135
54.381042 81.560395
-86.059213 -53.718278
77.287662 -85.058924
-80.929690 -33.330531
73.454814 -16.910977
-9.515202 -75.877864
36.067919 7.679913
-98.594311 -93.418708
12.642481 -50.924013
68.664709 -99.467673
-90.749352 30.623829
-40.235953 43.470724
92.038880 -69.109295
-37.347676 44.261028
89.340823 -64.641514
61.194013 -81.167186
32.179577 -32.420940
40.684906 -91.593693
-19.415960 -64.385688
-65.050341 -93.277927
47.248781 -94.683617
70.802546 -5.873246
-81.442878 -2.757588
65.645973 59.502951
-94.375945 -97.881381
-0.692289 99.584629
89.562112 -27.570978
-90.454615 27.289710
-77.007520 -8.426832
84.946926 -49.025806
5.899697 -51.341675
-97.505626 51.187101
22.901924 2.304974
-40.544512 54.677205
-71.472027 -46.576384
-50.107173 23.756438
85.671429 47.939326
50.209682 98.781402
-72.412501 88.481075
-9.601333 52.713673
82.684307 76.077780
-3.519476 -53.737794
16.576427 19.786361
56.446352 -49.081588
-4.230972 -12.216088
72.131851 -16.021701
71.855913 -29.277825
37.899080 14.826906
-48.533902 -13.499750
31.364241 -31.617214
-33.168206 -2.700401
16.328770 84.997448
-74.254214 68.063515
-98.090183 18.717991
-79.023606 -92.316839
-30.312090 -90.237766
92.957830 -59.822747
45.511430 -92.975858
-10.293875 40.578289
-93.443222 64.732767
-98.921360 15.580432
-63.617797 -22.407655
-16.041015 -88.978886
0.357892 86.981541
64.919215 43.062653
80.684724 -74.575869
33.846760 -11.181647
79.299151 -34.962385
56.074834 -99.314827
77.016780 71.439343
78.637485 47.497015
-24.604363 -82.634183
22.404251 85.710939
24.334867 67.239731
0.969893 10.054882
88.121809 82.277120
-77.742746 63.613278
11.962865 88.277540
-24.157549 -57.825030
15.446387 8.015960
73.444035 -27.232596
39.038468 -90.897281
-39.456606 -43.082960
-23.502333 75.327255
-1.047104 -26.586763
-65.994523 37.590476
43.659410 -80.525364
86.797623 -86.217760
64.390151 -62.322814
-81.714330 63.877882
-64.954996 10.846947
63.012395 39.218364
-91.011214 13.211241
96.300577 -64.402030
-41.008915 3.131890
1.392174 55.185689
9.332755 -86.752475
-54.552602 -48.892695
-99.998345 37.907009
82.456156 75.710516
28.260804 50.734105
-46.533192 19.938954
-4.031046 -98.490548
61.053650 0.477051
90.153007 -97.881740
34.795007 11.798062
-1.308041 18.211113
44.725316 78.551699
-84.874449 67.786342
94.196260 -94.508089
-47.716495 81.253512
-16.229169 -31.131211
12.251757 50.523319
-53.731697 64.190223
-87.311203 45.977059
20.133058 -51.826248
95.756844 -54.485099
93.882231 13.858499
8.125272 49.385451
-22.573613 -28.484597
78.297927 4.019403
-70.312124 -66.766075
76.568369 -99.976728
-75.371747 21.202206
-9.641983 -91.365394
17.792249 2.807850
81.972509 71.249442
95.545226 26.294572
-85.513315 -92.500896
80.523109 94.801699
-92.540654 -97.283612
-50.681598 -3.226562
45.851331 22.228918
-8.389341 -92.638243
45.326445 96.777179
22.565793 -56.947773
-99.931057 34.694176
-89.584893 -42.219805
-54.016120 61.023671
-83.795120 10.184747
17.995907 -90.302463
-13.355614 -1.270852
-62.560013 -24.770315
-67.192687 -32.165455
26.239958 -85.566278
65.104640 11.475185
-69.961256 66.532674
-77.565413 -11.265544
45.044361 -91.495250
34.617173 -89.409524
-34.629845 99.455516
60.992725 -76.085853
-36.445216 48.611443
-37.721233 -92.322923
-78.939934 -60.382312
-89.183678 81.159660
3.523919 -3.496853
12.908113 -72.412088
74.422361 -97.334683
58.003583 70.744235
-5.460967 -20.523425
-60.991390 -95.133317
-51.751238 29.511833
99.284749 13.410791
-62.266854 -75.416296
74.009050 -88.442698
-51.803706 5.849929
64.615330 30.275754
-74.742329 7.594590
-36.753938 83.022569
-6.164724 -59.454428
-92.789003 -52.354922
59.741949 -71.755423
1.364690 -54.187415
82.301519 70.381940
67.239097 75.401702
-55.704629 -96.603671
63.359831 -85.960871
-6.933525 35.345946
-97.179227 52.749476
-94.833856 -57.686745
68.261196 -94.364043
66.377123 86.466554
-87.303722 56.202201
-21.475477 -19.139154
-86.639130 -93.949678
48.967122 -68.329893
11.511501 74.798068
-22.620222 15.708027
-35.810777 -97.503253
87.317153 -56.361695
93.457062 44.274787
-92.172614 23.826008
47.676947 -55.603111
2.836589 5.584890
92.819582 -18.650423
-37.736503 96.683072
83.229252 -4.399442
70.329591 74.986492
-37.611203 -96.867177
-5.407182 -69.772958
75.848586 -78.883467
78.500507 -96.990608
7.704780 -38.605050
83.985667 32.828449
20.904783 -90.163146
-91.639011 -46.004731
-52.489094 -67.483871
24.781798 -73.194427
38.342957 -50.268397
23.284542 -30.814511
-93.012023 -4.080400
-94.991076 0.566833
77.375017 -37.923536
32.645620 27.193731
-92.282973 9.358204
-47.919230 -75.096146
50.759644 -64.300063
-32.920063 -92.309046
1.900324 72.586240
-44.465522 75.656785
-31.048784 61.151918
56.924354 -3.798238
-22.914355 17.341933
-87.277900 -50.038506
74.353576 5.957462
-7.251514 62.459091
-80.148754 -28.954498
-51.690542 18.444385
-98.174573 -92.155655
-81.509477 -93.766667
-79.423990 61.569314
-63.032330 -73.265672
-83.951859 79.401812
-78.520982 -79.015474
-7.140344 -92.845188
-80.399313 -81.885120
-72.148405 68.638396
-48.120687 72.335017
-6.965293 39.136814
96.566310 -91.182644
87.356547 81.627578
-43.059248 99.594497
-30.896916 -96.544550
88.175032 -22.062232
-55.474095 43.013181
15.171819 -61.594337
80.221859 68.573117
-72.154484 4.902925
86.519428 -55.040920
41.103728 54.984881
86.672608 -69.761927
-18.383437 85.743852
-90.238638 -18.616688
-80.527889 77.137410
-86.440512 60.394826
8.619732 96.767642
-98.387676 37.907775
68.954410 2.161241
-0.201737 52.980485
-60.493875 28.765357
56.596834 40.860361
73.145777 -98.389299
-70.914346 -68.177945
10.719814 -93.476012
10.630875 91.469752
-96.749397 55.471577
67.352337 70.122181
39.686067 -76.998415
34.229804 -44.178336
-21.412080 12.692729
-20.996411 36.248948
-11.464359 -70.657510
92.974423 58.086425
-54.981829 13.851408
64.365736 16.335665
98.299564 -1.437698
-18.241799 -88.472368
-49.789919 51.632435
-24.079761 89.580498
-50.552696 -84.476212
-96.799061 -88.335806
-7.435849 5.062316
41.008335 -67.029256
99.254576 -44.603571
98.670553 41.027371
40.711515 -11.527947
-92.425039 29.180127
68.612788 -55.831631
56.232785 3.329351
-47.033087 56.214872
-92.139726 82.855314
-20.531065 37.046975
0.614012 -71.727278
41.052986 -92.616060
-22.121158 13.823819
44.749089 -6.261182
27.422249 -79.591570
-84.168916 93.755536
6.382463 91.282246
58.393284 -43.117004
7.871424 -36.048194
-90.013745 6.578831
-89.892630 -5.691764
-40.959515 -57.979501
-62.249250 56.938033
-76.222287 -56.533352
-32.044087 19.757761
-35.743853 -28.152026
71.632620 -84.027364
-11.249975 -45.854067
14.224134 -71.899208
60.488464 -4.362058
-16.635105 -30.573713
-27.549174 -25.301576
69.590768 -63.508407
-77.439327 23.486016
-11.257222 -11.569640
-72.612909 -38.264224
-95.178129 -5.872671
-93.140705 45.796646
-8.714498 80.071739
10.523979 26.653340
19.210707 -83.609564
-88.186675 -47.303222
45.927855 -37.359980
-26.785125 -74.407039
56.864261 -51.427097
82.657827 97.792911
63.711682 -41.184239
-60.293191 52.624677
14.626745 41.097267
19.324666 -70.833346
-53.927571 56.136558
-88.187699 70.788151
-53.215782 -16.223062
51.715939 56.265477
-66.263580 41.277032
44.195892 -94.764955
99.298691 -30.538154
-55.591419 21.950688
96.709881 63.668256
67.032906 92.231162
-29.673366 84.060222
89.855729 -60.075776
39.062187 -89.189497
-82.994992 -19.325072
-52.393558 11.275986
-75.339875 -15.308551
-93.222708 1.422168
-54.743516 13.697195
-60.539450 25.731458
-3.561348 96.318203
18.834474 16.461545
-36.868397 -69.748186
-61.454067 53.551394
-49.328890 -85.400626
75.099080 -92.943115
20.627618 -26.993622
-58.745343 21.260272
-46.673795 -86.654558
2.086107 -44.988206
-88.887522 -51.152384
82.013529 -9.970496
-33.884689 -35.998093
-53.844993 -19.277814
90.823690 7.327831
-91.547344 75.117313
95.429075 -33.276509
-36.514403 -25.821608
27.785257 -84.081339
18.845347 -64.109481
82.378858 58.271431
-60.442748 88.212395
-93.435280 53.173113
48.917555 -16.284727
81.171089 87.267241
-61.888278 -86.340161
-22.783684 39.766997
94.473878 13.024712
-65.593103 -36.857583
-94.148808 43.103978
30.541287 -53.603780
-13.309361 -20.313253
-48.497665 5.127471
21.433865 -9.651685
-38.233701 -1.459620
70.523001 -79.444647
-30.838991 2.685233
-29.311597 -90.117311
-95.222450 66.405913
50.455447 87.612926
-84.868867 -5.970617
-60.171610 86.852634
-63.174615 13.947886
-16.264097 8.534661
-57.625897 -29.197151
-94.591421 -84.474529
-1.976851 47.741067
-14.958970 -90.692003
-80.939927 12.298809
-90.427896 33.504768
25.541981 -7.700783
-68.733963 -10.487407
-7.714315 -9.782259
-87.774372 -47.293766
87.831817 68.488765
25.163771 -87.729984
78.043428 -82.415644
-7.435608 -88.427806
89.345664 -45.992014
70.644353 12.213136
-4.550804 83.007931
-87.242820 76.557314
-95.232842 -8.656725
36.453591 -73.524882
30.401039 -88.871282
96.379648 -35.186425
-57.304465 33.532734
-24.393705 17.354748
-3.849905 -44.154483
44.753271 -65.807596
-8.584236 7.831475
-55.075540 3.351313
11.674939 34.510463
-25.739280 -97.328563
-2.687783 49.952289
-75.529424 -47.660260
-8.283522 73.699169
91.652052 38.402515
-15.606257 -5.951894
-48.244466 -13.698573
-4.292009 -97.614135
84.033727 -32.417234
-26.299234 -63.576823
41.237472 -13.958038
-67.494030 -58.067585
-87.989018 49.721475
-97.156536 -59.781970
-96.238346 -59.826396
-90.640522 -15.478350
84.980914 82.390565
-25.120612 -45.078571
80.801132 79.303517
-63.365569 38.927506
10.049420 64.883359
-66.341026 -49.415174
78.664644 -63.454279
62.014941 -91.025433
-88.483056 -97.041493
56.902377 52.023705
73.207784 -15.078337
75.247250 98.209915
-34.893964 -27.429165
2.035148 28.793492
44.080217 53.672952
71.837805 -55.810333
-12.062739 -34.430612
14.085526 73.649101
-91.105740 -93.357741
-56.964278 -32.630297
2.201060 97.686476
-13.816720 77.785589
13.266325 -52.936870
-60.488801 -68.336508
-60.045886 -45.751172
23.264336 -20.212141
-90.789072 -4.046008
-53.344850 37.564803
-8.003038 -87.130876
-67.927098 -85.399964
59.891184 -76.840410
48.224852 -17.274811
97.922005 -10.796972
-0.424865 59.275940
-99.875805 70.009751
16.352619 -44.929848
80.295183 -28.842917
53.464543 55.631297
-96.734748 80.360816
89.972586 -91.920890
-6.387757 -17.393553
25.886267 70.775353
-76.221256 -91.526727
35.352314 -90.277995
43.797590 -26.635753
87.631875 -68.681235
-91.639111 94.304842
-75.493539 61.964710
78.160540 68.124740
-76.613435 -98.199617
97.458231 -87.566039
54.675977 -9.300941
-65.635315 56.478539
-60.360431 -99.039342
-55.240063 76.810286
8.833497 53.745004
4.125969 -43.402417
-89.519499 -75.553719
-45.395072 89.704390
78.355216 -28.219367
78.976273 -65.292225
-88.218954 -35.789267
98.235625 -68.316318
-91.228636 36.350878
-86.045065 9.832918
99.661050 69.111429
-51.961384 54.807203
63.457725 -44.427888
6.055185 -26.771965
-14.303585 -91.477400
-99.803132 -1.094407
-56.865506 62.068765
10.497556 -47.876681
0.649932 -93.417493
-53.255749 28.981665
-79.932382 -55.998347
-51.359713 -85.590918
-30.281505 -53.049512
-42.808449 -19.045675
42.773415 82.481659
-87.243983 -56.071160
90.946764 -63.547402
94.832646 40.163998
-59.217836 53.094775
-14.567653 92.602039
-4.247773 80.381250
-49.073811 16.508423
32.555064 -51.439130
-55.638356 -62.276338
-43.151296 1.902316
-47.387441 -91.734762
-58.262018 83.477622
40.761266 78.351717
-51.267918 -64.691090
-6.011935 36.201583
-80.133914 54.812809
59.865854 -92.612029
-3.356869 1.209618
-0.269068 -95.861528
-93.163519 -50.159075
99.386872 34.184293
96.072913 -88.721016
59.381283 -22.622430
94.625936 50.860896
59.475413 -10.680647
-82.571926 -38.541135
-82.722269 31.644353
-12.243037 -89.543602
-8.301876 -70.690205
14.019886 92.444169
-34.234710 -1.154868
40.777033 -84.832285
18.509842 -14.420398
23.536864 23.871091
90.958958 -39.705370
74.459895 63.964392
37.971317 -45.583653
90.782172 32.802872
21.673765 51.381273
54.284785 -44.991195
72.718585 75.450400
-71.886518 14.202426
-92.089469 -48.411028
9.909060 67.301835
-25.332423 92.140663
23.392698 44.656629
-48.187892 92.446851
-45.365707 -52.494585
-11.255035 30.207900
56.272469 87.067826
45.142594 73.750220
19.601054 62.025943
28.102597 -97.627880
-93.880305 -89.821101
-29.240051 86.252112
-56.182744 -1.382039
23.099977 57.295732
-72.776582 81.689429
40.069002 -27.811661
67.313635 -96.254587
55.518713 25.379896
-57.964509 -44.902093
-75.976440 3.691157
-37.854140 -86.357258
63.247474 -58.596370
86.888294 -48.672254
75.765512 -56.705331
69.834433 -67.297660
-25.444581 34.486609
-53.784262 -24.999309
-67.778033 37.129622
-97.090609 -17.523311
57.009145 -96.604643
-39.497018 -21.878220
-19.056432 75.396040
-88.257923 47.415730
-22.008820 -60.830757
57.262338 94.300354
-38.344240 -43.866622
41.929948 53.319857
12.616945 -43.870853
0.041953 -85.989634
74.201948 34.071938
15.876704 -13.207108
-95.753301 -29.636783
-47.928537 -92.750850
39.009578 -33.505250
-36.166273 29.476202
-1.300011 -95.594725
-33.716228 54.546085
90.311152 -78.924118
-12.401848 48.031158
22.669323 -63.756499
-95.225411 -18.829508
36.623409 65.948106
65.230590 -56.911152
-70.470371 -10.756080
2.507052 -49.634242
39.193762 59.626374
-29.465680 -1.787111
-92.777561 81.172198
-72.195983 -76.237017
-98.030344 44.215732
51.521388 -59.614833
-5.457596 28.872045
-9.715326 -89.577561
-8.869808 -79.328369
76.117212 -66.786260
-66.707209 12.002604
-13.391531 -98.997856
13.447366 -87.541318
10.646339 66.915309
14.055619 62.981599
-21.052244 -71.723633
76.837339 55.592101
-60.714577 63.019828
-4.355363 -13.489597
-0.333801 -80.728542
39.323257 -96.697000
-16.457579 52.843160
83.551763 -76.780319
-29.156162 -88.447634
57.932528 -51.230757
6.974317 67.449875
-9.547517 54.452646
53.213693 -27.285059
78.771034 41.342981
-35.830409 -42.854443
-70.599351 92.195101
-78.617245 37.740632
-28.841055 -49.738171
34.923358 -44.851340
-96.208718 57.554639
-28.218291 -89.399827
91.381217 -71.626845
-85.727749 -47.122964
-17.379108 -14.515082
-46.306743 42.647597
-86.329956 -12.651479
-53.343545 63.600133
-62.111953 58.987010
-37.585842 81.556831
97.121825 31.904683
-95.601099 -87.545771
90.370068 99.118077
-70.775421 -68.094260
42.996775 -5.981952
48.184457 -14.614414
14.340750 -86.098245
-29.596653 -36.985564
-38.377221 -32.834665
46.552222 -21.873628
-54.512687 76.833580
91.912894 54.748182
-67.125419 -89.011131
-45.684246 71.409103
56.183828 -86.375105
-91.134648 -53.519791
40.394780 0.331487
-82.673335 65.200749
-54.565645 -1.403113
-5.494976 15.505387
76.363986 -99.588343
91.875172 -72.334444
61.571030 -73.264887
14.403177 -91.924896
-94.873195 -25.200590
-79.970947 -70.646718
-96.194675 -48.923030
1.731459 -37.930863
-46.773273 -83.594654
-18.282946 -81.514281
89.072921 43.236753
-79.085895 52.739580
-12.127774 -44.576197
-18.455116 99.331049
-90.620802 27.626656
1.875149 -58.326347
-37.384847 -80.181407
-43.281271 92.774773
42.908862 -69.619733
15.292187 55.259808
10.597961 13.769435
-18.243584 -70.531363
-88.687551 -86.406761
50.983832 -99.091298
-80.199086 92.932276
87.999373 -30.696726
-97.589033 -93.661500
7.970823 -80.745429
-88.563901 13.369330
-31.689304 -38.066742
74.913616 -98.959363
-56.620144 -99.577916
-84.759498 -19.468435
-29.736610 39.906375
77.870764 81.278767
-8.077219 -22.824731
-81.613597 39.208390
-58.102593 -6.023638
70.146595 -96.541570
70.640534 -99.789406
99.748247 -6.947270
10.185741 51.496916
54.679426 -72.179751
13.117591 31.312453
-94.889463 -31.760226
70.971019 -63.046692
-2.130841 26.337224
-81.587984 -25.638172
40.349525 -96.550559
-76.767620 79.846564
-36.109971 -0.972536
70.554312 -1.959071
-38.558109 -86.396225
47.505696 31.025858
34.078052 -3.406713
-0.947177 96.299268
8.659535 -79.150603
22.150435 -99.956790
11.714279 -4.311908
-98.467170 -92.173698
-88.693041 -63.803381
-53.985032 -13.772307
-14.316449 -66.882302
-80.996577 -75.985745
-92.792986 46.348553
-71.548189 -13.463156
35.244648 54.803163
55.317034 -94.794680
-49.401809 -22.666349
8.757490 56.140709
-65.271650 -23.733480
96.668290 88.602053
-86.320672 73.011121
75.664847 -57.429250
-68.003016 -94.671143
-39.482495 34.063726
9.294588 -73.933511
1.550933 -35.794385
23.665411 58.350966
44.553502 46.745433
51.406084 15.379405
-8.626387 70.750310
89.348252 82.937975
72.463746 22.881333
18.818172 -92.359562
72.693351 -22.542791
25.848121 -96.342941
87.109487 13.456509
-25.376130 -90.591735
15.126187 -56.453724
96.118440 -69.986619
-59.472115 -71.042538
-14.283173 54.010870
-91.203269 47.478486
-10.224608 -97.851866
72.358791 -96.929824
42.204975 -46.423483
10.062426 -93.558428
31.008316 25.125082
-73.894960 -76.324315
-23.057848 74.372710
-50.517070 25.247307
24.336742 -37.940169
16.075641 -85.471494
29.180303 12.007522
7.047657 -69.414726
33.083039 -90.646074
-85.883427 77.762012
-94.905464 -85.898534
31.635319 90.508615
84.070481 86.755959
-98.187841 -39.142176
-14.286823 -88.677621
-10.010159 -25.099897
87.102435 -69.541935
-42.751365 -68.192178
-42.080108 -89.445992
-99.084845 -92.352702
-30.810074 12.627551
36.659820 98.652323
22.390291 84.865365
-89.444827 53.432335
23.468572 -98.113931
61.216905 -0.576780
-45.922329 7.777613
70.787799 55.112836
-30.243589 -72.992305
-89.783302 24.861732
95.427472 -12.573920
43.968862 94.292840
-52.297174 -44.641186
-29.988324 49.368084
-12.646816 -28.702350
22.437527 25.445508
6.784122 23.919887
-20.160900 -5.241431
6.695895 95.226340
62.684867 -75.045418
25.756499 -97.003361
24.897861 -35.546224
-2.812910 -41.411916
-9.889088 10.514930
61.645086 74.633725
26.435794 -51.784020
47.954068 47.005366
-37.290392 -83.567814
54.455108 -65.834011
90.653516 -43.656071
-16.556578 -66.147392
-38.922498 -98.466850
-38.613664 71.851027
-1.306557 -60.828300
-72.861222 -82.323596
-77.424239 -90.374693
-94.204093 44.923716
-14.907221 -78.723407
6.330942 82.720579
90.345419 -81.468271
22.935687 15.003340
13.037281 -79.080992
56.796299 3.611136
73.793108 74.233444
97.405283 23.321140
-91.450509 84.315875
-28.227261 -46.680906
56.501461 -33.844042
-20.613875 -89.780833
-75.793524 -39.177674
50.902814 -36.334125
71.456656 49.814916
7.319890 93.577059
14.367366 -74.344004
60.771894 -40.521223
-79.393747 63.109167
53.691754 -14.914552
-30.585973 25.601624
13.308737 -92.374119
-46.831990 19.502464
88.715350 57.156376
-20.563977 -86.735177
85.290895 92.217377
-88.482021 -87.278477
99.766092 44.422119
-90.541838 -18.713462
-91.712146 -92.219290
-75.732649 65.764715
10.925903 -63.037237
77.900043 -73.985101
-82.330271 -80.201256
-3.643675 -23.386780
31.873939 -85.512115
-97.653806 22.758984
-83.747094 72.600499
-71.584656 -44.329076
-66.820324 -22.635120
-92.556636 45.294224
-79.883942 90.905856
95.283615 -28.491653
39.432172 13.522818
0.173940 29.501500
-63.005852 -97.489465
76.998120 -0.161442
75.082296 -0.042169
33.514707 -21.869265
85.770738 -27.519112
81.465485 -57.023285
-57.209137 -4.052429
81.749584 -4.958442
86.473556 -65.830884
4.967378 -21.229890
72.437326 47.768938
-10.659308 -10.137951
38.681611 11.891693
-4.141422 50.646170
52.141547 -91.835840
-80.056403 27.023642
-88.439910 81.421661
-55.457112 1.767924
50.902900 -44.173455
61.144696 30.419861
-92.494000 18.964544
47.171212 -75.970410
93.873694 -26.192402
-85.615305 -82.313688
93.222371 50.108063
80.928075 77.489889
-18.194399 -4.680078
73.464032 -50.915145
37.079509 25.030019
-32.335832 -49.083234
69.509194 82.170552
-70.752510 2.803234
84.394972 -17.757759
-91.836775 -86.083331
-88.395569 14.710653
18.600799 -76.068992
62.125076 68.063228
86.833530 -11.024032
40.967091 70.301617
84.928801 88.059315
42.615398 26.574397
-53.005556 -81.615524
-97.069882 83.846670
56.595670 32.400951
48.272621 -21.933479
42.992583 9.953159
-84.191326 11.443077
-33.589337 93.164731
-28.910395 -90.938483
26.998150 56.532650
-91.705833 64.603140
85.809802 36.537942
-78.450779 21.209722
71.683364 99.665447
91.502223 -14.459269
-14.599410 51.940124
-66.598949 6.596087
-69.259035 -80.379192
-88.884930 40.294002
-42.398884 27.191638
97.849629 40.889099
-67.986525 28.530567
-47.835199 79.263552
77.152002 -87.716173
53.550010 58.574887
38.064137 86.708424
-0.546432 -99.082951
-94.146210 -5.439312
-20.230193 -98.047201
-19.667624 -89.452768
16.052452 -43.499597
-84.793960 -93.311748
86.430634 25.820363
37.606457 -37.511643
62.754441 -86.264162
-97.273384 42.914886
-95.981516 61.223780
96.522326 -85.208160
2.824921 -67.924349
-14.905939 -18.263389
62.082595 90.639605
0.513314 -75.295041
65.660424 11.658473
88.143170 -38.862244
-6.040276 -3.016569
-86.498334 -16.555292
-92.692865 -87.218086
81.125310 12.818517
70.955832 12.533383
-49.060034 35.683546
33.158977 75.362092
-89.155766 81.667591
92.361316 -5.789902
31.946974 -86.249265
-0.556668 -32.103552
-49.335230 -54.791388
49.122865 -12.777633
80.839225 42.363174
50.667490 6.949498
61.018217 -7.940313
43.381641 -70.143057
20.319273 2.323469
-34.650528 47.122185
-61.674163 67.710091
-6.907308 2.382379
-94.316404 20.502401
49.232485 -69.998412
-91.799784 38.172468
-18.913926 -97.671000
-14.665462 -95.940073
-18.984255 47.898323
-87.758400 -75.737187
-40.261300 52.399306
-91.296181 -54.810881
20.310749 -25.190675
4.405714 35.736284
99.937151 16.747929
1.499744 -85.741464
68.107348 -96.135694
-91.676960 31.858131
66.337992 -76.366153
-29.581635 -94.384871
15.756227 63.605714
84.183005 -85.460481
10.529809 -44.551277
96.344843 -98.750447
93.918610 -74.113977
-84.476224 -52.157068
61.074651 53.395306
80.103924 -94.976285
-66.928341 -89.375218
-9.141735 -66.790276
28.140559 51.721540
35.667846 3.208947
-13.839320 90.513226
90.522895 -12.106554
-32.708611 26.703044
-19.907068 1.807932
-55.101247 95.751658
-34.961153 34.961972
98.913575 1.328063
-32.213533 57.681339
-52.329430 -92.729534
-86.408738 -62.481495
83.456783 79.538135
9.946573 27.386117
69.541119 -82.849673
-14.419499 62.373434
14.654930 -63.776336
-5.952049 16.256278
26.947190 -78.097802
47.473575 -88.927337
-90.530677 25.108101
32.785044 83.035422
-43.803758 -31.854288
-15.624937 -27.927237
57.064585 -4.919662
-45.925845 -55.353116
-96.597011 -83.653434
-92.049384 -77.766749
79.320605 -87.192403
79.486779 -30.631118
-41.283034 -10.214105
61.111919 49.527780
-76.005433 -91.461666
70.000085 22.611205
-38.946653 49.761604
93.316317 98.761850
-1.038376 -45.484088
-80.788626 30.580516
61.817244 -55.416053
53.715748 50.065120
17.945708 -0.800396
87.500105 -85.478978
0.111582 73.267051
95.913787 38.285409
-6.292220 27.789649
-81.626611 80.703492
95.925356 16.524474
-32.091215 57.824376
-57.190570 40.621262
-79.973531 -15.902888
95.903767 -40.545818
5.334549 96.734010
19.781452 -42.071769
-33.073262 47.868340
-48.192238 -33.214239
-22.828503 56.287575
7.132519 -31.187714
78.247075 -61.391542
-45.310828 -97.646953
78.954568 99.889995
93.795627 21.179689
-92.145137 -25.729823
10.157574 -7.234003
-6.727932 -71.701154
-64.386177 -43.985333
-47.797276 -30.068772
-12.663446 -97.296240
97.682614 -12.393152
78.031744 71.011948
-33.352194 16.201476
67.806863 83.818520
95.743471 -99.762580
-57.147370 -33.594116
-41.386182 -30.729081
20.886391 -91.004187
10.179135 28.603436
-90.102895 -32.403555
-92.929779 14.542230
-17.988928 21.271477
-97.613261 38.857723
89.064257 -29.093750
37.772883 -58.069614
-57.217123 -35.126922
-67.097868 -38.608093
-42.280896 7.304858
31.194139 -75.736764
99.880210 22.646705
-1.199545 -30.763028
65.416875 -52.886622
83.001972 7.290178
-84.403935 61.741909
-64.700181 68.098156
94.434616 63.735313
38.313787 29.141692
-30.032692 97.414635
-61.665115 15.794820
52.933225 94.102974
-59.380098 -30.688186
-52.435536 -2.307485
39.869596 -99.306216
-20.305165 17.189449
-48.724146 82.839824
60.183246 47.059832
27.356717 -12.474665
78.311053 -26.577731
54.226667 -39.197470
-92.695920 7.021900
7.403137 -74.771908
-7.530517 -30.566111
-24.546714 -46.941766
39.862265 -90.772222
-89.473088 22.255198
13.877239 12.295808
-38.548224 13.905451
94.370671 -98.739932
-18.847161 -48.694856
-72.047565 28.945325
54.473981 51.111270
68.239044 98.790406
-14.477148 -57.562067
7.110740 0.445875
11.947729 60.086477
98.174560 -71.875842
57.453056 58.394373
71.179025 96.168703
85.001920 43.390966
-64.557858 52.084629
47.296542 -85.964048
51.152415 -50.959921
78.886719 -69.826392
-60.960395 -87.448799
70.886542 25.307651
-91.378945 78.232825
-83.262833 -74.864927
-78.512550 12.144323
-0.435235 -56.554156
-15.227748 90.691357
-11.522981 -1.456944
-72.803339 -99.037128
23.807388 -40.310535
60.863095 -96.229205
-3.384911 20.394300
-62.708713 28.739645
-71.429440 24.805075
-78.088019 20.510382
-50.586157 -90.570153
3.757351 -53.568065
86.354136 83.242335
-79.570548 93.331551
80.381700 -91.670194
-45.813207 -56.417208
88.328307 -7.354035
36.884272 -15.469777
-91.287109 6.418001
-44.504802 -91.186694
-47.814981 87.540708
13.950647 -25.793140
91.534699 -73.574462
3.891158 34.592760
41.656484 25.075259
-79.813369 20.771866
-18.865013 -23.347145
59.084166 25.129368
-87.773659 -7.021465
69.493669 -90.117817
-93.379030 96.739858
-36.223080 -57.839928
-51.404237 -15.219331
81.661303 -40.801662
19.715568 -8.126180
7.343731 -16.622678
-4.327536 -65.972537
90.251369 11.566139
-0.577298 -88.783841
-13.657522 -42.356484
-77.750888 63.269415
17.858299 65.999125
45.281074 -76.837253
-17.025851 63.496415
-29.994532 -55.491866
-74.921501 56.164323
-62.215630 49.558369
69.774349 -50.404439
28.716264 -78.072807
-70.062888 -30.177871
31.654704 -29.579008
14.357237 -77.328004
-14.772862 -42.416375
-87.302514 -16.939591
-98.459333 17.123463
57.881625 8.027105
72.404329 -19.576833
79.467503 -49.729583
-94.284599 18.163646
-24.496054 83.760174
-70.373022 20.468496
22.763951 -32.161688
-35.424534 77.564988
69.612373 14.943518
25.458990 -86.443387
-70.577070 78.895649
-23.164398 64.950728
15.557642 2.624622
73.961769 79.759068
70.575757 -21.962901
27.517777 -35.598137
69.589662 73.775834
27.823485 -60.318425
76.896175 4.495591
77.920541 8.737125
-85.398559 0.786667
-2.161736 -18.638670
-68.178629 -12.080991
99.800709 -45.285676
82.820617 79.923343
-42.310550 -38.234172
-94.312219 26.790405
-5.081910 76.244802
-57.420418 -22.973156
92.833774 -99.979559
-27.916853 -21.543650
-56.113103 10.157022
-20.032292 -64.498046
75.794439 -3.151711
89.439753 22.746355
-88.995129 -35.906140
0.349836 51.544803
59.323153 -90.182555
-26.897940 -62.681611
-80.545380 -8.227080
-93.180732 -21.159071
-48.346110 -38.702790
-52.530900 90.755371
-96.553997 -87.553939
49.167135 -78.207150
-19.812145 -15.830731
-8.235395 73.639378
-90.232614 89.378612
69.587002 -89.272053
-33.226540 -99.679994
88.980169 -93.544512
90.954234 60.812156
-89.316432 -63.854314
-93.899667 -4.164720
-69.393929 -40.948688
-34.172726 -37.317722
90.628127 82.899297
26.224375 -85.772005
-90.160808 11.155500
56.847191 18.561712
52.206573 20.211011
-3.495629 -68.340906
-32.692728 30.837282
91.679001 29.675566
82.200299 -5.159357
-11.925379 91.138903
-59.955166 93.920130
-3.606601 -61.387491
16.182555 -93.686857
22.833971 -92.709274
-89.550552 88.771565
29.635342 -36.513210
2.190310 11.688746
92.911893 -69.964185
-88.993992 65.239765
57.917126 87.986238
-9.293285 -81.281554
80.095258 93.529966
58.501177 -60.635277
-95.471224 -19.207526
83.643580 75.839580
-95.136764 -82.285217
44.018964 57.082885
-86.724559 -11.198070
24.284517 47.409914
16.297672 4.705153
-88.632499 40.023494
8.956571 -17.130229
-24.235853 -78.355732
-44.166410 10.817566
-23.448322 -6.620328
46.328740 -78.492035
11.057115 15.338786
61.963806 69.248536
-96.959984 -4.069793
-55.686463 -14.913366
32.398304 -65.617117
-39.772057 65.321810
50.694714 19.505635
34.973491 65.855836
-94.430628 -3.588539
-28.844396 -14.561926
39.469719 63.189586
-90.757109 -97.866201
23.537850 76.568491
-44.009368 51.295962
24.697258 72.817642
54.374232 71.488622
-62.501432 -43.503958
95.183422 -4.873849
45.972008 75.139353
55.423938 -22.458836
-5.686442 -97.291369
-51.162663 52.879613
-68.039431 97.356418
17.970111 -83.150753
-32.538266 82.912510
94.168265 24.746116
78.769262 86.556000
58.062226 -75.309106
50.279572 -11.296259
-87.751473 53.567898
81.011772 43.925181
6.978172 -90.767088
-83.566263 -74.514861
10.731182 -99.906579
-60.260789 -55.796062
-25.110438 0.526470
-72.129197 -68.028331
-71.491236 -63.821268
-18.165883 84.720047
55.625327 40.489568
-19.451927 -85.581993
55.258010 -9.481722
-79.372744 -68.965290
31.389435 -68.156364
68.164417 -78.153909
-93.365357 -87.637358
63.735937 -30.803656
-63.560688 -12.897437
-13.141668 -1.792840
-38.306399 -79.525199
-55.888004 -92.786798
-23.408759 -10.974332
-86.345616 -45.583373
79.182113 93.106042
-42.524860 97.744901
19.183169 -30.889991
37.517747 5.767763
61.211554 72.746445
-6.730814 -45.624166
-57.962475 -87.718108
-18.013248 32.450196
2.233370 59.260713
-1.574330 18.499368
-17.575967 -94.114098
80.393883 -71.520041
-6.210435 85.200903
-88.454472 -53.879267
12.293811 -14.590835
80.662137 -49.311475
43.906704 -64.773352
-61.847140 -69.477656
-98.015997 -13.343497
-91.042775 -6.062762
-3.333152 -75.435303
-26.672526 -22.502099
10.206788 -37.956500
18.637280 -59.913308
95.826992 -40.498800
18.056945 39.593049
-37.517279 -41.022587
21.320507 6.952984
45.363779 -98.900549
-42.395595 -64.467850
-73.605516 -75.339922
-90.515038 23.548372
2.642088 55.175791
-89.502425 -86.037772
-39.469951 54.978649
-97.715432 -6.214098
68.410606 -49.280164
74.292347 -71.319488
-80.766838 69.798669
82.930028 15.952048
-8.473897 44.671177
-66.536471 -12.415848
16.281758 -8.609146
-43.991903 -12.575571
-52.606682 -2.879283
-35.805352 72.142852
-99.864833 63.877518
-56.150600 -46.365366
27.940867 79.247281
-90.427266 56.871514
2.910038 28.519097
2.828059 27.553960
-53.628264 19.100861
-27.229986 58.312713
-95.941249 -97.878728
-27.727925 94.378371
30.338419 -5.255008
92.343546 -75.026714
-38.628470 -88.737480
-76.534528 -54.184962
67.706507 -90.450165
76.377582 15.810093
-51.557447 -91.419362
79.107821 58.450132
84.974907 -44.149077
-48.514295 45.954280
-99.625446 83.862705
88.535242 10.074665
52.032889 -95.055261
97.012174 79.932294
33.264575 91.906951
20.941412 -97.676412
16.374534 26.574460
90.802059 21.628686
-62.575027 -95.361072
70.069080 65.413180
22.525504 82.098547
-82.914569 -36.764175
67.300361 -69.389638
44.231849 -96.095373
31.574659 -44.474378
-99.229549 -95.247253
16.773788 75.471784
-70.013966 -36.398670
55.342633 76.153575
-91.110224 29.193041
-72.929414 90.974664
26.358224 -81.661311
75.887248 34.869187
61.782274 -89.445768
-23.272269 -76.118196
5.344119 -7.363684
-35.043515 6.833107
75.618061 3.760925
86.363990 64.943251
-94.916322 22.223092
47.673459 26.661522
-85.413244 -80.042116
52.841946 -34.823729
49.353415 17.722127
-51.680343 -92.035664
51.383225 49.109815
-86.981505 -97.257016
-91.941311 84.123410
13.019919 21.745730
30.879430 -23.640029
4.217481 -30.227079
90.402294 -89.220629
-59.301324 -72.554402
-39.834116 -95.383170
-42.601721 -75.527355
49.615283 -20.678161
-8.924453 10.313907
72.203842 -70.133170
-27.551122 36.915548
2.482044 -20.077656
45.118303 -87.495440
-13.636530 -39.398856
-47.645542 8.521042
63.462995 19.274603
-45.994313 96.655506
-83.698525 66.785040
52.173314 -49.544872
-65.237753 -89.501657
-97.141749 -19.765740
-54.732707 -30.133434
-45.709389 88.407093
-85.794764 92.684031
41.727365 69.647500
-54.476699 35.912367
76.309131 37.803955
96.796535 -20.190187
-91.739470 20.779228
-72.672707 -93.318111
-12.624897 11.727412
12.113873 94.969074
-82.289936 46.966707
-41.621094 -77.766287
45.532906 96.200372
-85.702843 -83.885640
67.650816 -20.592446
83.351244 -33.258429
28.799273 -45.114986
57.315337 -71.774019
57.426597 45.671708
28.549615 32.172753
-86.442702 37.012847
-97.123195 39.611632
66.655599 -69.819380
-19.628923 -77.000718
8.790547 -6.341880
-33.846340 -69.202879
30.398956 -17.862694
75.332778 34.664007
16.588457 -99.596862
23.777303 47.753937
-11.830562 61.276827
-95.262751 -15.417279
25.321474 -96.871934
-55.192220 18.192323
3.384431 -98.435637
78.436012 34.816027
-0.350264 -3.601623
-86.594343 74.187271
82.845128 30.700621
-70.485466 -62.160521
-85.314908 -57.003520
45.131642 -87.316085
96.182954 -95.729250
77.990304 -70.281275
-95.000207 -21.406436
24.334049 44.499672
-89.866996 40.030878
61.854261 5.337050
-89.616476 -68.744992
-50.107272 -71.520290
-47.853086 78.361086
-40.270437 52.649151
98.456296 -14.841886
-86.268966 -94.249282
56.221988 -24.539795
95.602414 -13.143734
-74.754075 -44.219671
46.481111 45.484496
26.586155 -77.168435
99.314352 99.375543
-86.411403 68.378458
-59.785256 -17.760460
-13.371972 51.987610
-85.507690 -96.383269
-86.391945 18.500604
-76.315988 -23.415590
83.640831 -75.534870
73.802379 -12.888538
81.221010 -34.878005
-18.232287 49.187659
-21.168919 -45.522530
47.892956 -1.683860
-61.429547 20.699537
89.705480 -99.630884
55.209328 39.916647
-49.854759 69.270712
11.491767 -44.176004
-82.197610 44.281572
48.625033 -88.651071
-99.668015 90.865527
31.011551 -22.268023
39.391795 -56.848559
40.954821 -89.584602
70.433504 61.751732
-73.457570 5.507251
-82.394552 -73.301025
-49.928168 50.363566
-92.755984 7.879439
-39.902500 19.043575
-27.748852 -88.323561
93.556907 -64.493101
-21.818904 -98.095162
1.530984 -21.463011
-3.894196 91.798146
34.481831 -30.845114
-35.558837 12.185774
92.242859 -41.319391
-66.605350 -69.058186
4.002561 -15.384857
-78.475466 -36.732515
-64.845235 68.124160
13.920488 82.647419
-38.037072 23.646414
57.649091 -56.174233
-97.346824 -60.497688
28.376444 21.112755
-54.234302 41.195946
-5.731209 -18.125136
23.366076 -62.687684
-93.233821 93.309609
-10.102355 39.613941
-26.009390 79.034343
49.060262 3.710353
-6.362003 -64.657642
45.356314 -11.900012
-78.900392 -84.792505
85.663123 7.454692
41.292751 -90.230088
-86.083100 -43.069388
5.224228 56.544166
-57.794209 92.848842
55.514662 92.474136
-47.176241 36.964690
-83.383726 -57.802226
-90.697652 -44.971918
74.037414 -89.992003
67.965546 44.289079
74.028543 -48.738067
-39.390665 47.810879
71.242221 59.100977
-84.534206 84.028100
41.047213 33.752908
34.563170 0.057491
92.418146 -77.074076
-31.511524 40.234257
-51.282159 59.572430
21.071631 38.295966
-41.546385 52.738167
-81.151763 -75.109634
-14.445957 -47.271301
-30.497101 47.201319
44.289404 -60.083060
99.669161 12.124016
-97.757895 40.318863
-6.596718 -81.395771
-90.066138 82.875796
-98.394245 -86.558342
-68.847051 -87.037677
-24.798175 -99.592025
-62.123409 -26.173826
54.547594 -73.315124
-5.773685 -11.442211
-84.794104 86.610224
-35.896334 -49.027785
-29.894963 29.212080
-95.458321 75.974799
65.763210 -92.760383
56.544076 44.208817
23.353196 79.436653
3.686067 6.055832
-8.167242 -19.442858
5.045631 -90.591835
-30.999510 24.757018
-7.191414 54.275074
-6.428516 99.826259
99.834510 -37.411681
-65.357573 21.022719
-74.230639 -13.465235
-47.816937 11.739673
-22.753925 -56.388724
-89.282141 -77.483111
-86.077212 52.307582
-91.733961 -19.849819
42.429512 -23.318180
99.465240 60.402684
45.537746 45.174794
-92.343951 61.298214
-99.676271 -80.637237
-24.552319 88.486873
90.521873 81.246488
68.283809 23.271370
-80.605248 -88.553988
-77.072682 -23.611580
64.191728 89.144038
-77.293302 -90.277848
10.055946 79.729270
81.661655 -70.962656
-68.094683 -55.778897
-85.444780 -40.659397
40.947978 28.005059
51.614740 91.353117
-41.903003 32.274812
14.773646 95.810560
46.862327 44.971116
-99.125885 38.312322
-18.527745 95.309347
70.556617 62.076530
-81.269703 -50.006023
11.420953 -17.213030
-21.248343 9.916844
-60.397089 -16.017215
-32.678906 86.290676
72.344525 50.850681
-15.928602 -78.422956
53.793862 75.056617
-16.259335 -48.036379
-74.485972 -13.516696
8.547691 -50.670864
50.195471 -88.277224
17.884694 52.129877
-11.638124 -69.995753
-40.335789 -94.735940
-20.985325 70.690943
83.156318 -99.540686
84.800608 -91.912293
-9.706103 -0.744665
8.330186 -98.917659
75.945326 12.369415
8.993055 -32.042538
-11.371020 46.869460
-85.970928 20.725473
-90.183608 39.226613
89.004539 96.833298
-72.803766 -99.599207
73.060543 88.236859
79.246472 43.600056
32.586114 -73.272630
-3.000665 12.556516
94.385640 10.964208
75.891658 62.959680
-79.656841 -57.697824
97.573416 -14.560886
26.959718 79.181205
25.974646 14.400482
-89.501029 -88.074901
-28.820146 60.482966
64.437064 26.579800
-34.461501 43.585677
-56.433383 21.869747
-18.786609 37.979407
35.133701 23.497783
-25.325798 14.775037
91.357619 84.259124
-42.008069 40.742041
-34.222113 -47.919213
96.986748 74.477090
46.944758 -46.700284
-22.777363 4.108860
0.949988 -29.908222
44.312862 -73.284015
-96.904588 -51.994210
64.667227 24.905062
-92.193244 0.795213
-24.819451 40.961555
71.776955 -87.354189
-99.094431 66.141115
-4.439480 81.972285
-15.234664 68.396170
-84.873894 -78.474307
29.305064 91.246864
-91.326011 70.632090
24.402240 49.844799
27.133920 -83.649940
57.453938 -16.436165
43.127109 -8.012447
35.760896 -94.242526
5.660995 -92.226499
79.924866 -89.996015
-30.924176 -41.124364
85.118989 -0.105746
89.864262 -31.384969
-46.543360 -47.895755
-93.894162 91.288961
67.988227 -14.865313
5.934353 -76.198761
75.446485 -41.863864
72.195433 6.338617
58.182014 11.322673
-39.670273 -85.942196
14.906295 -40.561835
-55.805353 26.164555
12.487297 0.605421
-85.048209 -99.294138
-64.819621 -51.209833
-89.979912 23.712280
-95.134092 -3.695485
-63.826758 -59.169434
83.921374 -0.048516
40.643934 -13.562518
75.456705 82.454088
-85.774479 39.482460
68.324341 -27.660631
-57.685047 -64.240988
76.293276 88.492331
53.292680 -78.307317
63.056827 74.753265
31.727076 61.292992
94.008584 -61.788799
79.336592 99.409594
85.499522 -74.132898
26.080496 -3.926187
10.294485 -1.261100
85.906404 58.236135
-84.768004 -23.092282
-78.537424 24.510405
-34.354325 -73.709652
97.830061 -90.381914
87.207854 -72.084841
-87.620531 -71.889498
64.057754 88.839058
-24.048312 21.885505
93.273216 -64.320703
96.421410 -21.311450
77.758051 -17.616010
-19.183448 13.349222
19.606619 -96.271155
-35.715496 -1.128893
10.929916 83.098489
47.918277 27.646355
36.681818 -27.692733
37.190962 -74.231305
19.159145 48.868440
-78.080160 82.631028
-96.001382 -58.955347
68.387929 -54.776974
-85.841750 -72.764568
-64.926198 -24.868574
-95.689570 -85.272148
36.368501 -18.230197
83.271875 74.836633
67.773571 59.370007
-22.161279 8.018199
64.318153 47.608085
53.135543 3.194585
82.682665 92.753308
71.203064 -31.889725
-89.902799 -52.695090
-20.296007 16.091570
88.544189 14.285614
-16.782509 20.541368
-40.544734 56.300708
-2.831871 55.379065
30.071554 78.803067
-12.470404 3.320729
71.762092 -48.167225
-92.042863 49.894685
36.937505 -82.547149
93.145587 -84.042077
-71.023087 50.421043
-38.815075 49.676635
-86.204094 -39.615279
-36.136388 53.664170
28.810489 24.115273
-86.844477 -69.279250
-81.330801 67.753119
-88.485569 67.831530
-98.949054 8.431674
20.531665 -41.341089
38.215268 93.421797
-43.579060 -40.791954
-99.320071 92.302593
-99.153257 63.993143
-92.786814 19.184825
-38.380827 -2.570641
-87.331025 22.853224
96.189770 -23.650613
16.453958 88.954827
-18.178880 -3.812718
-84.381403 -16.171620
1 297 1490 91.722104 -85.668904
1 261 1289 -45.177778 88.766028
6 1372 1475
3 190 596 44.540280 29.864151 0.987721
6 1462 1556
3 221 973 -85.733735 -29.437355 1.005152
1 262 1328 -94.159095 59.131059
3 733 1029 34.785940 -89.709699 0.994050
1 840 1623 84.209968 78.610260
6 694 1632
1 1090 1525 -36.606579 -4.383890
1 125 433 96.052853 44.245126
6 57 1515
3 1425 1476 -97.998637 64.486275 0.992247
1 304 614 -74.691957 31.940046
6 600 806
1 584 1571 27.056371 42.397910
1 468 771 79.681027 -18.103498
3 565 769 -1.760470 -95.945860 0.985190
3 169 388 -42.967150 -93.979278 0.982395
6 1161 1949
3 400 1615 22.402576 60.595741 0.985055
1 92 1152 -88.113242 -12.240281
3 1213 1831 -42.173174 5.458690 0.989890
3 1063 1355 -72.051370 -89.355304 1.005976
6 5 169
3 501 1710 -72.967424 -24.638152 0.987389
6 759 1470
1 430 795 -88.061647 -96.511949
6 1407 1630
6 334 962
1 66 480 -67.058813 -66.313557
6 92 1489
1 736 1675 -79.236849 -61.557199
3 18 677 -23.731816 57.434356 1.003294
3 1071 1693 -76.180414 -19.081423 1.006207
3 419 1536 14.125414 14.054036 0.994267
3 247 1132 -68.552792 -86.147635 1.001223
6 1734 1967
3 1188 1835 84.498039 73.575954 0.984872
1 1232 1664 -87.981863 -51.469205
1 431 1664 6.213146 82.606014
6 1064 1333
3 328 1323 -87.481434 9.510439 0.985349
1 5 222 67.649911 76.962891
6 271 1238
3 117 1012 -40.494194 -18.916124 1.006168
3 185 312 94.566551 -85.668943 1.008760
6 188 309
1 276 918 63.668733 79.880926
6 1401 1535
1 938 1911 -34.419805 7.455855
1 1449 1517 26.127368 69.249476
6 1280 1832
1 1029 1035 -12.509207 47.780531
3 420 678 -62.078871 -99.542653 0.991759
3 485 1463 -37.722804 -4.658548 1.009756
3 1382 1874 -46.757393 87.483083 0.981772
3 1059 1103 47.523205 -77.935818 0.996312
1 457 1601 -63.407753 -54.902561
1 378 1192 -44.262389 77.509883
3 729 1764 97.531235 -87.839633 0.994424
6 1176 1782
1 826 1357 -26.317063 -60.953912
1 466 656 -19.731005 93.747661
1 134 958 -65.475290 -55.274254
6 208 306
3 219 1584 15.395105 15.384870 0.983197
1 453 1625 76.184256 81.020382
3 1039 1659 -26.475980 -59.584716 1.008393
6 573 858
1 774 1168 -17.813604 -31.007467
1 622 858 -70.689573 -94.983035
6 1055 1743
1 725 891 58.625496 -66.226122
1 662 1097 98.321301 -0.660129
6 470 645
3 1080 1125 -24.340925 70.154352 0.998377
6 1365 1759
6 528 1712
6 1218 1654
6 1729 1963
6 650 1990
6 1478 1817
3 48 1750 -3.235118 31.811707 1.007287
1 32 811 37.148700 -86.334932
6 879 1418
3 461 1675 -11.876473 6.533823 0.994291
3 502 603 60.529134 -82.654887 1.000974
1 1518 1710 -81.110988 49.170780
6 1586 1589
1 225 333 -40.224992 99.767646
6 662 1294
1 226 667 24.350838 -6.493341
6 566 910
6 745 759
1 1035 1431 11.054109 -91.439649
1 784 1708 -89.403306 -96.997400
6 1714 1978
1 20 122 49.506902 -3.593594
1 1283 1823 45.404182 -94.034960
3 186 1189 51.447277 72.398971 0.986014
6 1521 1944
6 1178 1999
6 430 1514
1 178 1782 -98.076292 -18.454728
3 446 1919 -91.829634 19.343561 0.993094
3 1096 1816 52.935552 -97.377248 1.002824
1 650 1035 -48.886175 -16.923974
1 483 1145 90.413227 48.129184
6 465 1991
3 431 994 -29.968113 -35.089821 0.996397
3 1038 1339 -4.960882 -64.121702 1.002711
1 58 68 -53.711885 77.226231
1 430 1831 13.614676 -93.142711
6 587 1717
1 633 1798 -76.815196 -99.404242
1 990 1001 -91.542758 -75.873413
3 157 1065 -47.502940 73.288802 0.994206
3 1061 1690 48.768277 -99.909170 0.991836
1 542 1457 56.702686 -20.234190
1 100 689 -8.097652 -97.789889
3 1091 1704 4.346375 5.166348 0.998621
1 815 1621 -42.236202 12.639206
1 7 363 -69.066096 61.350153
3 627 1842 -96.925764 -51.816489 1.001607
1 115 619 32.302831 30.762876
1 172 182 -1.543536 83.509612
1 629 1960 30.928604 14.140503
3 84 369 -11.337155 -81.774023 0.985520
3 479 1700 -41.506585 -53.158651 0.992914
3 130 608 94.833357 32.637986 0.984855
3 1389 1480 -14.947510 -81.888809 1.006813
1 1470 1683 42.049072 -40.177119
6 98 769
6 408 653
6 1658 1769
6 725 1716
3 1744 1858 -35.459401 -3.746069 0.988266
1 681 1320 -25.489674 -42.805987
1 77 817 95.457710 -91.888882
6 1688 1710
6 1268 1931
3 208 224 -95.576207 -96.859492 1.004217
1 623 794 29.820864 42.716600
3 312 1079 -85.247034 -88.668428 0.987667
1 126 934 -71.554180 56.194670
1 272 384 -55.942374 -67.063959
3 193 938 -87.297759 88.422097 0.988131
6 1373 1707
1 49 800 70.646008 17.278698
3 429 1123 -93.270014 -52.142179 0.981553
3 355 409 -90.231686 -76.191176 1.001396
6 75 1837
6 352 689
1 976 1827 -57.567949 -86.317937
1 92 280 -43.247294 -39.532196
1 138 1245 -22.188665 54.745471
6 184 1810
3 39 1546 16.527509 -50.357038 0.980445
3 1315 1561 32.020450 89.228367 1.002290
3 66 374 -59.794646 -27.928737 1.009860
6 387 1409
1 1375 1682 -65.229616 54.205568
6 329 1973
3 646 1954 -75.642024 -45.077768 1.003864
6 1111 1244
1 149 1658 77.678522 -56.127919
3 614 747 -9.838489 13.875332 0.986777
6 175 1978
1 882 1246 62.666693 -95.025914
3 683 1841 60.584149 -67.103998 0.992508
3 899 1643 77.396393 -32.533957 0.999689
3 216 479 -78.904394 29.940098 0.985506
1 892 1335 -42.654939 79.125525
3 453 1816 80.150923 43.888385 0.982101
6 625 1929
3 482 1414 -45.470401 63.681025 1.004470
6 531 1713
1 1321 1853 -2.540988 -31.713787
3 759 1083 -75.430824 -97.543473 0.989070
1 1127 1829 -33.723394 30.677654
6 157 865
1 1049 1223 -59.944526 29.323387
1 151 246 -70.445467 40.545330
6 907 1495
6 592 1943
1 265 1412 31.259942 45.386021
1 577 1782 -83.542596 -11.303328
1 535 565 -88.757911 -64.602679
6 277 329
1 684 1979 72.283564 75.048567
1 299 1493 -47.444251 5.948372
6 1262 1881
1 1261 1664 -98.677229 -4.976292
6 396 1977
3 21 135 30.547485 86.511173 0.990095
3 740 1737 63.835221 -16.370877 0.993983
1 883 1667 -49.086022 -79.368567
3 586 1264 43.428990 14.342441 1.001697
6 342 1947
3 300 1556 -96.466628 47.163510 1.005401
1 619 1459 -64.156680 -74.385877
6 628 1392
3 26 1863 -75.326915 89.748474 0.983750
6 463 739
3 1049 1573 63.818199 26.217545 0.984408
1 868 1856 65.145693 48.057267
1 1323 1989 -51.476932 69.471579
3 831 1041 -78.012550 -5.571966 1.001035
6 1792 1810
1 626 997 -29.300615 44.030632
1 107 940 -16.295693 -94.724617
3 1280 1595 -47.104050 -56.875683 1.000229
1 935 1264 -0.882021 -53.787687
1 743 1648 -38.202967 -45.748255
3 677 1530 89.602124 -81.780531 1.000463
6 1091 1622
6 762 1572
6 706 1905
3 458 1362 -6.884377 93.342615 1.000611
6 581 1185
6 685 1332
6 193 1298
1 606 1604 26.940919 89.435232
3 582 1349 -26.644278 -86.041979 0.988318
3 644 1086 69.786207 -99.175735 1.006930
1 161 268 35.425743 82.052184
3 214 1167 -91.869568 24.604590 0.989267
1 638 1482 27.209823 1.161675
6 780 1309
3 646 807 5.480134 -20.485074 0.996390
6 238 1524
3 231 467 0.304141 30.093503 0.997017
3 399 550 -4.904109 -0.207290 0.995865
3 212 1818 -96.630038 6.471063 0.984650
6 428 998
1 1121 1968 -16.620501 -14.722306
1 1006 1234 -17.006002 -64.154346
1 509 856 81.805036 42.267202
6 68 541
6 312 1397
6 1546 1964
6 584 593
6 879 1113
1 1216 1320 -18.927479 -76.034986
6 757 852
3 1071 1611 83.050731 48.646345 0.987646
3 183 1327 58.818776 74.261016 0.981381
1 1217 1683 -41.701874 -98.509269
1 620 1133 38.024612 -70.535117
3 875 1356 95.704812 46.955511 1.005358
1 281 1154 41.808346 89.615013
3 711 1455 73.961288 -42.681389 0.987465
6 187 253
6 697 922
6 6 272
1 468 1561 -65.931642 65.798459
3 81 1188 22.540867 50.344568 1.005480
1 97 1997 -68.612966 -90.372000
3 401 1038 35.510089 89.401750 0.980442
1 23 1987 88.866108 -16.604748
1 1610 1740 -55.403255 -31.406369
1 386 1491 -68.385482 -75.943000
1 1128 1292 -26.517966 37.138673
3 1192 1658 19.696333 -32.395364 0.986480
6 544 1818
3 210 1202 -6.642056 -43.767316 1.006434
6 760 1368
3 1096 1880 82.867281 -81.078860 0.991616
6 665 1795
3 1915 1966 -96.525626 21.747316 0.981809
3 426 947 96.374837 -32.589966 0.980083
6 1193 1795
1 222 1252 -65.125838 -65.028654
1 208 1372 9.670111 14.679996
6 684 906
1 436 900 -64.681368 88.423543
1 56 623 -35.282382 56.319344
1 58 995 -75.740382 38.778681
3 729 1467 -28.812134 -19.244533 0.988423
3 417 478 28.319620 -2.375935 0.987061
3 586 1483 45.274648 -68.949632 0.980260
1 255 1690 -89.785338 65.169084
1 1258 1398 39.417853 80.608457
6 451 1848
1 1173 1664 37.140539 -85.391478
3 1227 1798 43.049766 -92.290749 0.985543
3 118 505 92.643246 67.328026 0.986563
1 848 963 -93.324194 -30.959528
3 287 1086 60.658983 65.930957 1.003592
6 778 1525
6 898 1549
3 7 1489 40.492497 -71.649812 0.999983
3 482 1120 -73.102236 19.991465 0.986095
3 346 1760 -52.120038 -92.829545 0.980527
6 369 1758
6 878 1868
1 114 985 88.741051 38.605013
1 706 1823 42.274168 90.009879
3 395 931 -12.516333 -5.644046 1.001401
6 700 1416
3 337 1819 70.750825 -98.875073 0.997458
6 441 1499
6 259 747
6 1053 1216
1 1102 1694 -61.345099 74.208626
6 623 1023
3 27 1874 18.997936 -91.840510 0.992356
6 155 738
6 662 1058
1 193 1851 59.855756 -14.053130
1 1800 1884 -95.487282 23.477728
3 1789 1840 40.026221 11.740427 1.000962
1 1028 1762 -54.074402 44.738944
1 1047 1998 47.296470 16.585744
3 1070 1837 6.718802 79.385194 0.997636
6 754 1251
3 633 1461 -33.389760 -96.309024 0.994130
1 849 986 50.864918 37.241511
6 184 852
3 1099 1267 95.461178 -91.923961 0.985577
1 971 1760 16.034649 -81.997046
3 207 456 30.188896 90.179201 0.999657
6 1424 1658
6 654 1750
3 82 969 -48.975754 -89.312643 0.984917
1 151 839 -53.697713 -12.452652
1 1756 1842 -88.167568 -94.260520
1 135 215 -98.067633 -99.442842
1 415 1447 -21.098669 -30.666358
3 1603 1968 83.917925 -34.085223 0.982041
3 38 1248 -91.943335 67.292440 0.982540
3 751 1992 93.675796 45.845034 0.990199
6 179 1436
3 1763 1825 -25.210439 -86.436372 1.005833
3 240 778 24.012700 86.379971 0.993431
1 770 1695 45.589632 36.112223
6 1000 1501
1 584 1839 15.508898 -41.735338
1 1572 1682 -21.755137 63.334976
6 262 1397
3 523 1649 8.382567 -0.250008 1.007688
3 1280 1281 45.412511 99.339447 0.984292
6 1072 1601
3 5 425 -50.023985 -93.637028 0.983345
1 473 1023 -89.854940 -26.519715
1 800 924 -4.374983 -67.431172
1 1553 1908 62.107647 -96.295941
6 264 1722
1 80 748 68.728143 -26.191412
1 45 993 80.312354 -52.665648
6 1436 1452
1 373 1223 35.031481 -93.357740
6 620 1319
6 183 525
3 180 1052 84.897631 46.185764 0.984151
3 158 1219 -88.764145 20.205669 0.999735
6 411 1745
3 278 1256 5.060814 85.813414 0.988949
1 1554 1635 -30.173408 79.713345
3 43 1191 -97.707865 47.870422 0.987434
1 251 403 -85.229987 -24.448913
6 1412 1486
3 342 802 51.491793 52.296230 1.005207
3 1291 1835 86.213665 -92.613384 1.001434
6 13 850
6 258 411
6 1810 1829
6 164 1778
6 441 844
3 927 1180 -55.705467 -42.484401 0.983748
6 59 257
1 12 697 22.358355 79.596562
6 343 1909
1 802 1110 -71.778599 28.093882
3 1314 1911 70.384571 -32.628312 0.981353
6 1024 1363
3 85 1246 23.489547 -39.727904 0.984424
1 232 564 -2.918223 55.082273
6 260 313
1 33 330 33.975188 89.123913
1 126 227 -25.841360 15.897016
3 804 1488 79.083255 -53.604794 0.989215
3 240 465 25.322937 76.562553 1.006152
3 47 941 90.816490 -55.469761 0.981171
3 437 657 -82.222863 -89.308358 0.993360
6 237 1869
1 1046 1884 40.290090 -96.524791
6 1148 1792
1 1046 1424 24.999377 -60.864268
1 1124 1227 10.230422 -7.331359
1 918 1446 -87.250668 15.333267
6 239 1513
6 1572 1924
1 1090 1715 8.417321 97.416626
3 90 1768 88.013648 -4.541007 0.982416
3 143 818 -27.244268 -78.620727 1.002874
6 394 696
3 895 1327 -44.793645 79.241163 0.999931
3 648 711 76.795861 -84.364511 0.987762
3 985 1134 32.083101 -12.635197 1.004076
1 1357 1797 -68.826059 -92.485644
3 1472 1731 52.686081 -54.305958 0.999808
1 1344 1824 56.180952 86.924376
6 364 1200
1 1020 1887 42.171893 2.685482
6 169 1914
1 107 974 48.569101 -25.532703
6 1802 1833
3 941 1737 -42.904070 97.535169 0.982961
1 39 1402 57.416182 -88.839836
6 555 651
6 224 731
3 121 809 80.682163 27.118240 1.000717
3 652 898 2.971057 -91.930494 0.980335
3 115 132 81.966496 -51.103191 0.980902
6 95 1655
6 823 1829
1 80 1171 -41.602752 14.160353
3 1035 1075 -91.228567 40.719676 0.984126
6 1515 1550
6 813 1588
6 611 635
1 973 1287 -66.958432 90.594002
6 1392 1517
1 83 1030 -83.024155 -22.968299
6 458 563
6 676 1028
6 583 1959
3 922 1714 39.748695 85.851625 1.003040
3 448 1212 55.208477 -87.953000 0.991324
6 1091 1764
6 1005 1353
3 656 1588 7.637210 78.010434 0.986498
1 200 762 56.739988 -64.038859
1 856 1048 -23.422508 -41.514162
3 1361 1720 28.812985 -22.429771 1.009482
1 288 1593 97.371833 -96.900663
3 53 1682 -54.166256 -36.862711 0.982677
3 1306 1388 -9.258408 -99.349994 1.005418
6 954 1764
6 312 371
3 237 474 33.664224 -95.067253 1.009992
3 1748 1879 5.116408 20.103146 0.982167
1 742 1180 -52.386553 39.940394
6 459 1577
6 1191 1252
3 769 1473 -53.483573 27.507868 0.987643
3 127 503 -71.176987 -82.426765 0.990098
1 150 578 71.379374 20.174257
6 74 601
6 165 1196
3 691 720 9.831373 -12.067403 0.992233
6 1893 1905
3 1687 1849 95.000883 78.184044 0.986921
1 70 705 79.261917 -89.081215
1 48 1889 -68.549051 71.761509
3 1240 1766 21.409144 -54.897217 0.993879
3 1008 1793 40.732231 55.362225 0.994460
1 869 1210 60.439361 98.088607
3 1403 1691 62.812991 73.316953 0.982135
1 211 340 36.627298 -77.718570
6 40 1127
1 289 1297 81.067708 67.545453
6 70 950
1 397 1115 24.839322 74.938771
6 952 1121
3 355 480 71.227774 -69.202377 1.000019
3 457 683 2.341984 -7.381346 0.995594
1 1589 1980 -74.843336 29.023656
6 143 1875
6 168 488
1 273 1528 5.475921 -69.895803
6 487 1696
1 656 1550 -71.250678 5.732524
6 1126 1943
1 826 1602 -91.148320 27.532852
6 689 1657
1 642 1831 -63.358776 88.447845
1 547 1013 37.888649 71.606159
3 1852 1938 -3.945037 12.029868 0.984439
3 77 553 -33.413287 30.355981 0.998547
3 622 1293 25.505281 -85.918176 0.980442
6 105 1381
3 515 1795 24.346144 -54.188570 0.989283
1 64 1300 -68.024791 6.104265
1 817 1472 59.552137 -24.782820
6 35 1377
6 788 1725
6 589 1001
3 1164 1494 -72.947859 28.280155 0.993295
6 944 1271
3 1107 1578 -95.173032 16.512386 0.998686
1 443 1703 40.824609 -97.175884
6 1121 1256
1 727 1212 -86.841344 79.210104
3 1223 1664 -56.687357 82.460092 0.998370
1 117 1472 7.460645 13.032774
3 26 1320 90.419392 -41.047961 1.004411
1 564 1387 -56.804440 -13.251124
3 625 1640 76.706130 25.014391 1.007340
1 801 814 97.650371 27.892747
3 448 583 66.391631 -24.033314 1.002957
6 271 375
6 325 1664
3 823 1656 -18.640330 49.591841 1.002929
6 894 969
6 426 1972
3 452 1187 -11.327346 53.998452 0.991870
6 305 497
1 681 1930 49.111386 -29.930573
6 1733 1880
3 1119 1879 26.053524 54.766000 1.007636
3 1109 1821 -29.482017 -97.918066 0.998496
3 109 1867 -96.073259 24.030461 0.997785
1 301 1366 25.925042 10.439818
3 720 1137 35.981572 82.075523 0.982790
3 977 1881 87.355758 86.469694 1.006350
1 1474 1926 5.461496 -42.274016
6 850 1554
1 1341 1918 -15.030273 -85.512795
3 1905 1996 -78.614685 -30.357162 0.991049
6 668 1302
6 826 1154
3 1081 1688 -23.640216 -89.431324 0.981247
6 598 1223
1 464 708 82.436524 2.895968
6 752 1549
6 249 1741
6 338 1612
1 68 854 62.213255 51.404154
1 789 1719 -36.572615 -95.538923
6 342 1935
3 4 1736 76.656051 78.446427 1.000329
3 614 1756 54.908365 56.705688 1.009011
3 309 1832 44.781298 90.312133 1.004853
6 703 1638
3 958 1573 39.140439 75.031767 0.996899
3 704 1285 83.700726 -30.964650 1.004317
3 441 1888 -86.061848 -40.276597 0.980232
3 666 1448 -7.268012 -74.165537 0.983901
1 117 1887 -18.679304 82.489864
1 1146 1975 -89.651378 2.337163
1 34 489 6.224530 36.733435
1 9 679 -34.263848 -49.393107
3 143 1726 1.207771 56.758978 1.000431
6 887 1420
3 43 1509 -62.921363 50.632541 0.985396
1 1438 1538 -94.134632 -46.861521
6 505 1774
6 902 1668
1 113 175 13.839889 17.306991
1 1330 1862 -78.573518 -50.043529
3 1335 1754 -92.905136 23.454371 0.991473
6 28 1876
3 526 1146 48.718536 -18.707620 1.002544
1 677 1634 -68.220847 -68.835479
6 94 1813
1 1471 1966 -29.253757 -86.126127
3 100 1906 12.323607 42.174793 0.980537
6 1325 1774
1 946 1091 69.932030 -39.863512
1 431 691 -60.860927 35.338708
3 555 1242 -26.221373 47.912068 1.002042
3 862 1664 98.447980 76.850553 0.983411
3 206 549 95.790438 21.683685 0.991690
1 286 705 -2.650814 -61.095481
1 249 1841 -90.255941 37.657036
3 1305 1855 -1.334980 18.923498 0.990311
6 197 891
1 1625 1711 60.733507 36.461368
1 407 1037 -75.884646 45.669012
3 1493 1787 -21.334097 36.492276 1.006175
1 463 1860 -4.948640 68.175788
1 392 768 -7.166572 -36.333060
6 81 1855
6 1253 1363
3 314 1578 -37.766000 83.758827 0.989560
3 355 529 70.157590 16.566474 1.006802
1 1578 1908 -16.831824 89.347426
1 681 1544 37.311538 62.052343
1 614 1669 -2.434185 -39.120676
6 582 1871
3 1520 1863 -90.591638 -92.899181 0.980472
3 543 1589 15.904951 -57.912143 1.002565
6 1431 1932
6 808 1319
1 692 1732 57.499665 -37.430671
6 396 1802
6 292 1745
6 1143 1923
1 1469 1661 45.141344 55.074374
6 572 597
6 908 1105
6 990 1813
1 644 1438 65.659436 92.314810
1 269 1894 -2.147419 -70.183759
1 957 1147 98.261399 -16.664466
6 143 1944
6 232 1033
3 1253 1813 47.248300 49.069800 0.998139
1 653 1907 -63.498090 13.748468
3 1366 1766 7.039179 -81.548268 0.992312
1 1803 1894 26.952844 -2.772132
1 1017 1532 -65.350997 83.513548
3 1352 1521 66.464672 -47.000132 1.004811
1 767 845 7.212854 29.233940
1 265 1932 -28.537660 -21.850982
3 926 1935 70.802017 95.785837 1.001932
6 957 1911
3 146 289 19.202416 -57.416359 0.982618
6 171 342
6 215 363
6 613 1654
1 63 500 -87.904145 12.701219
6 222 329
3 175 228 -36.110963 -4.206382 0.981149
1 1354 1988 -91.408414 74.854650
6 1346 1689
6 572 580
1 178 676 -25.200712 5.183557
1 1691 1907 96.664282 83.352603
1 115 1068 18.904794 42.022730
3 6 1193 -39.825482 -17.051634 0.986147
3 324 425 16.435066 99.528751 0.991417
6 233 930
6 260 337
3 106 161 6.840877 -29.490310 0.990657
6 358 593
6 389 722
1 1569 1832 -40.588316 -11.625479
3 795 1674 -66.435129 -51.817441 0.990846
6 642 1504
1 1619 1935 -36.383177 -89.619178
3 1 1101 -68.618353 38.415812 0.980023
6 325 968
3 695 719 -25.709560 -31.094553 1.005390
1 400 745 66.031630 -18.711158
6 81 724
1 401 610 -94.921225 79.267423
1 17 894 -30.097253 84.363781
6 726 1799
1 534 1081 37.835868 -26.489650
1 1516 1652 3.660800 74.664403
1 1651 1996 -14.223032 28.949690
1 728 1617 59.156776 -60.933100
3 7 746 54.458544 -95.959927 0.980523
3 161 1044 -23.219647 56.522690 0.990195
6 128 280
3 244 1997 -61.359967 77.830427 1.009072
1 1380 1808 -81.217087 77.617540
1 320 1530 1.855959 95.894461
3 413 1972 91.923093 -55.725313 1.006249
6 1125 1768
3 253 1724 -87.975095 -29.824210 1.001225
3 872 1716 24.822998 42.970439 0.995333
1 747 1377 97.394138 -5.455004
3 97 1743 89.967547 37.773920 0.981338
3 376 664 -41.331823 96.635930 0.985577
6 1460 1491
6 425 1055
1 1585 1848 -5.192151 32.402638
1 12 804 -91.624973 50.899319
3 657 1049 28.806246 -37.330528 0.993730
1 907 1097 -34.895203 54.508939
6 1603 1785
6 251 1186
6 1497 1925
3 880 1991 73.932494 58.875103 0.982245
6 1315 1758
1 258 1034 -35.638058 -8.541975
1 481 1771 93.511041 -58.559299
3 361 1028 -87.994307 -89.563466 0.997572
6 845 1155
6 386 1774
6 241 650
6 212 223
1 624 659 -19.355319 -73.621394
6 1010 1443
1 1230 1834 15.864659 -11.953787
6 1199 1781
6 47 598
3 712 1805 -62.439943 -69.583846 0.980363
1 940 995 33.100045 78.967078
6 20 1801
3 1328 1909 -14.521599 7.168691 0.995545
6 342 1258
3 1185 1856 -26.955230 48.416910 1.001232
6 104 1310
6 591 1424
1 380 706 12.167300 -55.801407
3 745 1038 -89.497767 56.015746 0.983992
6 752 1336
1 290 1133 -37.586194 -69.434224
6 1350 1742
1 1082 1356 -98.678059 29.421971
1 85 644 15.230648 -11.588319
3 871 1624 81.809595 -19.518235 1.000797
1 1047 1703 86.885644 -50.269437
6 962 1390
1 1489 1792 -18.277280 -11.701067
6 384 1922
3 1091 1613 -89.228852 -86.360764 1.009228
1 552 802 21.732338 -71.800427
1 726 1426 -77.771668 -99.887748
6 205 1520
1 146 277 -47.470246 -98.580516
6 301 1503
1 817 1067 50.410233 -77.765595
1 868 1487 75.358316 57.359948
3 647 1585 47.945084 7.686256 1.001685
1 577 1515 -98.261447 -22.154526
1 329 1993 -53.739645 34.640682
3 216 1771 -66.000968 -99.526234 0.994176
6 807 1556
6 351 368
1 1343 1766 -97.760272 -55.032805
3 398 882 63.558112 11.377143 0.981225
6 788 1692
1 29 125 1.874384 -88.707658
3 900 1308 29.362641 41.202068 0.990743
3 43 1374 13.580219 -92.473979 0.997677
3 110 795 -96.949738 3.050217 0.991589
6 757 1409
6 1780 1781
6 442 1086
6 935 1606
6 205 1988
1 97 1614 -37.753272 83.489189
1 1122 1587 69.173241 -54.909947
1 578 1329 32.783202 -94.156462
1 521 640 -14.003322 -90.718887
1 1149 1159 67.936374 -81.838310
6 467 927
6 109 911
1 754 824 39.591477 17.087683
3 905 1999 40.233610 8.709777 0.980637
3 382 1722 -18.286721 -33.069489 0.982705
1 1216 1642 46.463741 9.252496
1 301 1718 99.783015 69.672913
3 1589 1681 72.073608 84.176701 0.991542
6 736 1539
1 494 1730 84.873858 79.372778
3 1305 1853 87.183054 31.395232 1.007261
6 698 1790
3 30 1576 -58.066902 -9.411266 1.004594
1 165 768 -18.616859 -75.234868
1 185 1365 -52.610665 -67.304859
6 549 799
3 1613 1642 86.088604 -90.745967 1.000178
3 1022 1814 -91.363078 -10.512385 0.999229
3 374 857 70.865665 -88.405857 0.981861
1 858 1021 -11.555730 96.852463
3 87 1079 -74.562895 -96.353309 0.991246
6 498 1857
6 544 846
6 1381 1503
6 47 619
6 804 1198
3 316 1303 67.392948 88.074503 0.999308
6 768 871
6 1045 1623
3 15 250 1.294020 -49.574499 0.987926
1 1251 1678 -58.923704 -57.154537
1 190 1456 78.911337 47.085910
6 953 1988
3 1012 1304 -88.996909 67.921588 0.989889
1 1153 1154 -33.680561 -10.359828
6 425 1800
1 1731 1740 -2.007947 24.444864
3 1293 1689 -19.750242 -11.896492 1.008355
6 1487 1771
6 188 793
1 133 726 64.036252 2.059225
1 550 1725 -48.210179 -86.765840
3 763 1397 -85.073797 -93.790953 0.986830
6 316 1442
6 1155 1778
6 349 1388
1 1583 1747 -52.677091 -16.767031
1 337 1427 93.596341 -91.922373
1 1319 1928 92.153809 -45.914982
3 119 177 -70.505489 -63.544931 1.006087
1 1753 1820 5.867746 -53.613238
6 444 848
6 1001 1215
1 941 1056 -64.514243 43.975249
1 865 1433 -96.554774 8.697793
6 650 704
3 366 578 76.301789 -81.522992 0.998491
3 1612 1697 -81.303834 -14.005604 1.003416
1 373 560 58.699732 85.219706
3 737 1086 35.084660 50.254616 1.009348
3 718 930 78.360074 -10.058445 0.980014
1 167 1507 -22.229236 -49.759091
1 1020 1711 -85.837713 -73.588991
3 994 1603 -98.790378 -47.821534 0.988555
6 379 1826
1 856 1745 -87.928973 -56.401329
3 714 1923 22.655293 -87.013529 1.005374
3 918 1198 -97.579951 50.072386 1.004471
3 1160 1989 15.303733 -61.602622 1.000860
1 158 425 59.015320 -89.499326
6 1407 1477
6 57 1537
3 642 1818 -6.708605 58.374539 0.981675
3 1622 1975 -91.049022 -78.791617 0.989760
1 877 1091 -45.862273 -18.642018
1 67 1917 14.047623 -11.704197
1 297 1168 -87.469937 -70.747270
3 869 1808 -41.261680 60.321808 1.005669
3 203 540 3.881688 3.684822 0.987066
3 978 1429 -88.928597 -46.967008 0.998424
3 940 1519 41.649669 88.865574 0.989333
1 15 947 56.119475 -86.339226
1 46 353 65.359747 -1.064955
1 1161 1596 73.320348 37.823418
6 5 502
3 1337 1420 68.406612 -69.233297 0.987183
1 1628 1707 -68.210908 83.676048
3 148 983 -54.599674 14.569510 0.982142
3 740 1195 44.923649 56.584578 0.991234
6 1356 1451
3 1627 1720 -74.551906 -45.265236 0.981189
1 313 1285 -19.251224 31.668898
6 1224 1980
3 152 1281 -56.998495 62.848425 0.999087
1 1799 1908 2.188186 -94.076183
6 863 1387
1 446 984 57.928199 -90.101971
3 1120 1807 97.999999 86.356426 0.998918
6 669 1224
6 1523 1567
3 159 342 -56.509970 21.290078 1.008112
6 337 1102
6 152 841
1 1110 1202 -89.329345 -54.100004
3 1525 1854 71.873569 -79.567493 1.007200
6 65 1781
1 916 1142 -95.307564 -99.999228
1 308 911 -12.606273 -88.447654
3 160 1341 -15.849963 -69.515459 0.988539
6 382 1055
3 711 1137 -24.478318 -97.199335 0.981158
6 859 1996
1 16 472 -59.595605 39.846550
3 1058 1274 -96.299650 22.902960 1.003175
6 238 1156
1 1064 1891 -9.355277 19.905064
1 307 1698 16.937955 -6.420173
6 304 1104
1 1104 1786 -33.171747 -97.253965
1 965 1302 -59.895880 -61.519359
3 607 759 5.442898 70.462829 0.996867
3 1981 1982 -61.404348 -49.769170 0.996336
6 1654 1696
6 358 392
6 1047 1331
6 832 876
6 549 1560
3 743 1115 -5.930020 71.405009 0.989928
1 531 1017 3.684431 12.201581
1 383 1260 -46.436008 80.697837
6 398 1737
1 122 1928 -6.812616 33.328664
1 349 1902 58.766197 -0.224834
3 1114 1207 -45.847266 -86.075973 0.997349
6 420 1992
3 1109 1464 -55.141653 -92.774643 0.983102
3 393 490 14.075067 66.401407 1.003735
6 1205 1936
3 446 1050 30.079774 -90.915629 1.005491
6 819 1743
1 24 1161 65.079071 10.314274
3 369 1533 -43.892337 -72.592009 1.008753
1 1827 1935 74.346366 96.247719
1 62 908 -23.397623 -7.760278
6 522 1660
3 322 1483 -69.712093 -91.238293 0.981365
3 401 1095 2.465906 29.061748 1.007060
3 1156 1441 -53.211103 61.716400 0.989558
3 808 1074 59.416999 -12.636433 0.984532
1 664 1774 33.983199 36.643406
3 901 1340 -27.365720 0.805887 1.003985
6 191 506
3 55 218 43.445778 -0.212353 1.007848
3 1094 1271 17.074462 -83.765611 0.999541
1 1395 1917 19.008769 -46.905861
3 528 1597 -38.462870 -75.430448 0.984641
1 424 1626 -86.785544 62.971608
6 621 1726
6 979 1916
6 1592 1867
3 1622 1678 80.115445 -70.495436 0.994585
1 393 1933 -5.573786 -68.302752
6 1009 1800
3 38 642 8.594189 -94.061567 0.996450
6 1528 1821
1 98 223 -12.748886 -78.201685
1 440 1319 -82.065804 14.013769
6 886 1338
1 882 1726 0.471326 -92.563838
1 806 1175 -87.944197 -98.162855
6 1457 1482
6 550 1794
1 888 1781 0.813731 -93.014350
1 40 194 -50.764771 -58.282497
3 1930 1954 73.705495 17.998826 1.009982
6 831 1883
1 1400 1918 38.516219 -87.313502
1 807 1733 -34.295604 97.439797
6 931 1513
3 1143 1201 65.835047 -34.772807 1.007688
6 645 1550
1 1087 1868 -58.949261 -0.489041
1 799 842 84.233909 -87.728804
3 948 1262 42.551885 35.823315 1.003328
1 737 1782 52.914184 7.044902
3 378 1496 49.981682 80.721948 1.004965
3 1852 1948 73.876640 -93.352184 0.982169
6 5 1944
3 1359 1748 0.973700 -20.984613 0.995351
6 332 1034
6 245 992
3 283 474 17.037145 80.862592 0.988917
3 349 1636 -97.741624 -87.346817 0.985564
1 352 1573 -9.120954 -34.131838
6 965 1857
3 731 1781 41.596684 9.940796 0.987807
1 447 1393 -51.308111 31.254344
1 388 1614 29.679485 5.127828
1 1114 1849 73.437540 -50.947659
1 40 1496 -64.073555 14.413214
6 1671 1686
6 397 1257
3 205 565 -50.157490 0.434250 0.992282
3 29 499 38.728051 -89.957654 0.982297
6 636 1833
1 261 1042 -46.099433 -71.695463
3 1448 1769 76.621009 25.832811 0.986041
6 130 1173
3 923 1488 -47.667937 -76.795210 1.002324
6 383 1044
1 1111 1855 -93.431774 -56.760804
1 868 1435 -45.086547 18.651418
1 632 1740 -36.822371 -46.888203
3 398 1984 20.191174 -42.092530 0.983460
1 538 571 60.325867 -91.529104
1 712 1489 -50.966312 -18.336189
1 284 1001 -20.454317 45.509653
1 1314 1779 59.588804 -96.978113
3 597 916 -80.355636 -47.855485 0.991783
6 327 1534
6 1065 1766
6 1174 1761
1 753 908 -61.782561 -96.667553
3 793 1835 56.378328 -57.086593 1.004999
1 904 1523 96.690035 18.039303
6 124 640
1 629 1570 56.162622 -86.532567
6 1056 1486
6 509 1542
1 1807 1861 18.403238 -64.791626
6 818 857
3 1423 1815 72.314405 -11.497533 0.982691
1 1114 1955 86.097893 78.813370
6 625 1073
6 505 855
6 288 1703
1 1196 1587 93.626193 -36.995042
6 137 1571
3 924 1646 -82.513139 43.889147 1.006169
6 241 1080
1 115 1826 -57.918751 -81.095413
6 274 1338
1 88 1531 -22.898496 -97.836946
6 1371 1822
1 408 811 -38.705287 -82.721004
1 784 789 -76.090669 -91.544694
1 173 949 99.546535 -75.478260
3 1414 1739 -98.687871 47.914009 0.988874
1 844 1050 80.482225 -77.793998
3 1299 1725 -9.134854 22.682493 1.005864
3 1131 1264 11.034861 -52.414653 1.004290
1 740 1380 -99.054556 -88.104680
6 1320 1556
6 145 1236
1 1053 1672 45.734476 4.956828
1 542 1376 -79.346282 -53.740517
6 767 1604
6 966 1829
1 1477 1916 -88.949328 -20.340372
6 62 423
6 1071 1304
6 1377 1935
3 96 1180 67.820693 22.635391 0.994954
6 317 1645
6 1885 1973
6 1188 1256
6 64 1164
1 466 1497 80.825246 96.500163
6 569 1311
3 320 1175 -0.840353 -54.167375 0.987801
3 668 1253 -46.877432 20.182282 0.981415
3 260 994 -31.224980 83.324766 1.000438
3 1123 1528 40.853486 -87.959780 0.981194
1 319 1883 -94.936239 15.006329
3 297 1783 -4.955370 -18.078395 0.982173
3 1444 1680 -2.878423 -8.379905 0.983558
3 1481 1765 98.743846 -34.853634 1.008258
6 170 1602
3 449 974 -80.155530 90.488745 1.003697
1 972 1827 -50.438814 -11.058136
6 697 806
3 85 258 64.971014 -97.330387 0.981474
3 820 1867 98.629364 -67.977518 1.001769
6 1488 1710
6 914 1957
1 1019 1774 28.083013 -89.227408
1 556 1940 -50.078255 97.031065
3 254 781 92.990999 55.189782 1.002476
3 272 394 97.829429 29.255247 0.993546
1 379 1966 -95.416952 7.368301
6 1326 1753
6 929 1350
6 464 1199
6 1074 1262
3 723 1761 -71.834533 27.879941 1.004525
3 120 1346 -43.476651 29.341938 0.981653
1 385 1507 -77.013202 51.781268
3 743 1373 -26.616769 60.909819 0.980528
3 524 782 -62.971764 -22.199313 0.981773
1 998 1651 -95.769733 25.882267
3 307 1919 -42.700446 -85.962922 1.006739
6 342 753
1 866 1554 -91.581772 -32.500732
6 429 952
6 614 1570
6 478 1814
1 543 909 -13.056401 40.873100
3 376 1649 9.950752 37.867685 0.992190
6 1390 1560
1 892 1426 -46.321162 -21.635363
3 808 1287 -62.182720 16.121510 0.999835
3 535 1096 -83.091102 18.921751 1.009980
6 594 1112
3 867 1592 -95.490518 -95.605693 0.993169
1 518 1585 -78.352549 1.989188
6 21 1372
6 708 1048
1 1762 1898 -57.696643 62.951714
6 1130 1225
3 1207 1293 -85.320113 -33.570514 0.992197
3 631 802 -93.511041 -92.935441 0.980136
3 185 1456 -99.001011 -87.157204 0.998063
3 228 1115 -89.101860 68.950957 0.998967
6 989 1541
6 918 1390
1 469 1045 -40.813535 0.377405
3 738 1197 -24.587697 -82.023169 1.009112
3 1196 1741 -89.701776 -8.201212 0.986835
3 388 483 -69.728606 -28.166530 0.993935
1 919 1523 -4.196416 30.766041
6 506 1945
1 374 693 -91.373513 -53.150758
3 306 1834 4.218140 -24.567809 1.009146
6 774 1933
3 290 499 -17.207419 -88.317247 0.997076
3 370 1286 -31.086750 67.033002 1.002371
6 625 1088
3 1484 1561 -61.454942 90.618268 1.007526
6 1936 1958
3 190 1671 74.778153 17.018583 0.991252
3 1851 1875 -13.002606 -16.390998 0.991691
1 41 1563 -96.933860 2.173685
3 534 1009 -97.165720 -52.976227 1.002911
3 361 758 -17.634222 60.180704 1.009065
3 1035 1203 35.510926 -0.802837 0.988863
3 959 1974 -5.471755 -56.407134 0.996898
6 1054 1166
3 398 1503 54.592390 -15.491589 1.004019
3 820 838 -0.410876 -63.705813 0.998832
3 939 968 10.460753 0.047021 0.980826
6 280 321
6 566 1257
3 558 920 45.220075 45.619316 0.996417
6 1488 1956
1 858 1251 -47.907074 92.294219
3 23 1844 -99.476374 -43.084369 0.999581
3 751 1398 -52.822743 74.206489 0.994576
3 149 1222 53.141954 -98.617867 0.998557
3 1745 1747 51.899308 -43.148021 0.999660
6 1325 1555
3 1127 1997 -85.335959 -91.185907 0.986999
3 442 1035 48.576591 49.207965 1.004918
3 266 327 5.270039 25.208222 0.989804
3 1583 1866 -87.320490 3.029161 0.994378
3 1362 1981 -91.768441 -23.696726 0.988772
1 898 1163 -89.928341 79.918865
6 175 1065
3 279 1799 -92.069334 -75.075531 1.003697
6 1614 1896
6 16 1711
1 453 1294 -82.787332 84.495894
1 26 345 -41.345100 -63.480341
6 333 1811
3 642 888 40.675565 30.911665 0.991076
6 56 1707
6 1187 1767
1 1495 1817 65.984863 -0.790549
1 92 900 -34.821684 9.268747
6 43 165
1 928 1928 29.550529 -27.101857
3 1746 1855 -26.182260 23.745088 1.009636
1 166 470 41.318209 72.785864
3 460 1066 -38.525039 -36.112585 1.003965
6 166 333
1 412 434 -96.278596 92.378479
6 975 1003
3 266 392 69.039008 -88.686477 0.980131
6 544 973
1 458 1803 38.167754 -79.349134
6 1699 1813
6 396 1567
1 165 658 -92.990064 -19.421501
1 1416 1586 -95.955020 54.560622
3 569 1311 33.835467 -1.720835 1.002316
3 174 1533 55.257874 -15.697548 0.989182
1 280 1727 90.342899 -3.000646
3 2 266 -83.135645 23.142205 0.994987
6 757 892
3 1625 1785 -2.940128 -33.627826 0.996352
1 668 1566 -66.916625 20.072497
6 1129 1724
6 484 850
1 714 1939 15.136303 51.813260
1 964 1113 71.513634 -90.427860
1 260 1834 8.451841 96.092815
3 56 1607 22.548678 10.339420 0.982511
6 1047 1469
3 392 402 69.634392 -52.385360 1.009104
1 1319 1925 -96.885382 -85.848486
3 631 1239 -61.619619 -29.144828 0.980462
3 641 721 -6.379841 -54.020167 0.994589
3 190 1411 -22.042204 20.794469 0.991542
1 731 808 -60.734180 -36.706529
6 278 1661
3 1281 1928 -32.210988 -89.606028 0.992966
1 625 1717 32.153993 41.965139
3 640 1318 59.118684 -99.830247 0.981574
6 222 1778
1 65 944 37.724823 -17.202806
1 193 560 70.006352 -65.696068
3 166 1697 -28.040113 22.711277 1.009505
3 38 1283 81.310048 -61.208177 0.980405
1 93 1113 34.913737 -12.770885
3 362 765 64.929682 -41.947301 0.990031
3 1374 1865 -39.055082 55.299677 1.000744
6 941 1385
1 1327 1566 72.335862 66.244468
1 837 1004 -42.455639 -43.560675
3 10 277 -84.751745 36.771568 0.980730
6 461 806
1 833 1684 -54.075057 77.673653
3 781 1744 48.738525 -4.626505 0.990097
1 807 945 -88.840588 33.367812
6 109 1996
6 473 1171
1 552 1864 -25.214689 77.369757
1 345 542 -94.709282 -56.753308
6 1113 1639
6 436 1564
6 983 1115
1 19 369 -38.652628 51.444835
1 4 1808 43.660839 -24.725647
6 167 1856
1 1577 1731 -15.277438 3.990721
3 767 1417 -42.737660 -34.983738 1.001704
3 1169 1570 -11.764491 -0.542442 0.989668
3 1255 1471 4.282014 -99.245831 1.008267
6 1648 1699
1 674 1212 31.967381 -42.687283
1 129 964 -81.038734 -57.018008
3 255 1258 56.889484 -90.925358 0.981751
1 646 676 -19.632343 -95.953879
1 1583 1644 -95.812009 -25.199817
3 628 1312 35.850611 -15.631478 0.995827
1 65 231 -65.503679 -39.858135
3 244 1275 34.398535 -61.537460 1.000431
3 1086 1165 -87.758837 -58.568246 0.997151
6 204 1736
1 85 1074 59.092668 66.163977
6 1216 1533
3 982 1627 -72.679372 -65.262644 0.995308
6 432 1201
6 11 455
1 754 1779 -13.168136 5.212055
3 1695 1746 40.553494 81.465631 1.004801
3 208 1212 -88.465968 -58.896920 1.004086
6 35 1753
6 83 1032
3 1102 1894 16.451112 80.464898 0.984719
1 201 1552 4.162575 14.237204
3 1176 1233 -44.134841 40.412833 1.008803
3 51 243 -60.660162 12.758166 0.984273
1 780 1815 -47.698835 -78.983562
3 515 528 0.781833 48.747815 1.000164
1 937 1900 42.039438 -7.960988
1 1071 1245 83.964322 -39.385811
1 740 1329 -71.104634 24.480916
1 672 1205 -34.964675 -96.518390
1 773 1764 87.159521 -37.313470
3 863 1907 79.742274 52.335550 1.001788
3 30 514 93.143887 -89.746430 0.999143
6 1169 1529
3 677 1538 5.455309 15.133944 1.006600
1 1557 1706 73.201592 37.318852
6 565 1305
3 229 1277 -5.184876 -40.493487 0.990657
1 1321 1703 82.708811 -86.777671
1 142 608 -39.229323 17.404607
1 783 1700 18.816753 94.646732
3 907 1474 -0.343520 43.563450 0.981851
1 252 674 13.425146 40.420687
3 351 1562 -17.651899 -97.087189 0.990633
3 893 948 -1.193530 -20.866463 0.998012
1 1347 1669 88.389711 -7.545382
1 290 1751 33.622595 73.421431
1 840 1375 -85.105475 -13.942678
6 1234 1417
1 1343 1959 9.475908 -85.551505
6 152 1997
3 857 1905 34.265894 -77.893460 1.000669
3 496 1513 -17.787385 -16.172722 0.994617
1 425 1157 33.957456 66.701704
3 302 617 26.947330 66.502192 0.981189
3 156 933 -0.158027 -61.562090 0.980893
1 983 1115 -46.589866 60.499051
1 368 1947 -86.214611 -86.413934
6 253 964
3 270 1100 0.507581 95.020412 0.986689
3 541 1463 41.763984 -92.973700 0.981063
1 927 1820 19.217128 27.648001
1 784 1716 -87.407116 -54.988935
6 1060 1480
3 608 1063 -35.561856 -28.423809 0.999978
6 1473 1517
1 514 1886 37.375802 28.400251
1 622 1729 87.180924 -52.153135
3 121 1259 -49.719227 -84.333793 1.007939
3 218 1460 57.779629 74.027190 0.992932
3 763 1092 40.052028 71.612905 0.987563
1 1180 1745 -17.842858 58.750612
1 1195 1860 78.053455 -25.814085
1 1011 1182 37.124194 -13.253490
3 993 1193 35.684598 68.517275 0.996820
3 319 1596 -80.557800 -23.756491 1.000891
6 189 637
3 415 1610 -1.276872 -88.289469 0.980183
6 114 1544
3 18 1827 -24.849717 7.659071 0.983160
3 857 1485 -11.379865 88.811482 1.004503
3 813 1017 -29.298911 96.734559 0.984939
1 1811 1929 99.241409 -81.365807
3 425 879 -93.664020 75.960537 0.980234
1 170 1766 43.918087 -74.194605
6 285 569
6 1436 1593
6 1545 1776
1 205 660 1.208042 -39.424776
3 1371 1978 -23.126287 -26.965624 0.981008
1 1531 1549 -66.553672 89.944560
1 586 736 -67.354493 26.714731
1 29 624 -88.398545 95.515576
3 1044 1258 -16.202308 -61.767931 1.002100
3 22 513 -91.673063 -65.342231 0.981713
1 287 410 -44.578183 2.517052
3 650 1176 -62.139912 92.222236 1.004139
3 1194 1977 58.018828 -28.544348 0.984801
1 471 1521 -73.358763 92.866727
6 1788 1962
3 15 991 -36.452968 -99.013154 0.982866
3 539 948 50.967349 93.854938 0.980003
6 486 1195
6 954 1074
1 1074 1704 -85.358131 -32.540253
1 106 1232 58.968478 25.161565
6 205 337
3 1099 1256 62.258577 -19.312378 0.989136
1 254 1061 3.121771 6.435707
3 592 1268 -91.150679 -71.102672 0.998013
6 544 1170
6 1397 1695
1 144 493 -7.010926 -46.301874
1 1415 1689 -57.890857 -59.188128
3 622 1885 47.570086 20.801937 0.988487
1 986 1350 -91.958012 -39.666405
1 488 761 98.680899 88.996412
3 797 1792 -98.694981 43.118058 0.980334
3 1157 1215 41.665961 69.838846 0.985408
6 118 1666
1 621 1385 -90.699019 -98.464186
3 304 1817 -92.035133 -22.550014 1.009056
1 1708 1840 38.578654 83.831440
6 777 1366
3 163 173 -13.520883 17.365532 0.997400
1 1088 1557 9.165030 22.201636
1 915 1464 76.256527 -43.719303
3 490 780 -18.727527 53.113897 0.987193
1 352 1450 -52.516589 61.433397
1 284 1774 -53.734492 -66.113502
6 1047 1800
1 26 99 65.175936 -95.902343
1 1105 1679 22.228128 33.033377
1 430 1939 -97.468643 61.304600
6 1793 1835
1 518 1885 -65.371656 71.781173
1 552 1731 0.918597 65.710682
1 1138 1393 -98.293909 91.925510
1 1150 1952 -91.488634 55.073511
3 529 1449 79.981644 -17.756879 0.999959
6 236 770
6 164 708
1 939 1843 -76.004931 -8.996482
1 39 457 -3.183992 -89.899858
1 1324 1427 89.009775 -14.268878
1 622 830 -87.715484 69.576491
6 34 1041
1 875 1323 -8.813732 -49.845173
3 275 1733 -51.344498 60.061860 1.001617
3 417 1493 95.563535 3.893842 0.998524
3 325 852 4.103056 -26.229271 1.003950
6 903 1990
1 521 762 -60.957837 95.633437
6 251 1108
3 134 1118 -90.890027 73.872853 0.996379
3 1712 1846 71.716785 -52.984576 0.991772
6 1475 1511
3 365 1602 11.568725 -95.955422 0.984270
3 21 1679 12.025590 -33.955555 1.001090
3 846 1850 -37.682223 91.824897 1.008952
1 215 494 99.396392 85.477050
3 242 1922 86.630983 -32.124871 0.985928
3 1238 1754 71.364060 -91.235620 0.997782
6 499 1373
6 667 966
6 734 1376
3 1564 1785 -87.621060 -3.813623 1.005308
6 913 1036
3 307 1770 -13.815639 -93.763393 1.002311
1 857 1274 47.154104 -70.838863
1 660 872 32.694336 62.014174
1 370 1820 59.089116 -38.417682
3 1153 1718 -58.077985 3.938499 1.009025
1 167 1290 -31.916822 -64.191019
6 48 886
1 1751 1806 -91.600470 -90.878106
6 9 997
3 577 1778 9.660065 -43.935094 0.985256
3 442 881 57.859251 -32.840976 0.997413
6 35 1019
3 320 787 54.803816 -88.942348 0.991536
3 1853 1992 -84.694316 31.306499 0.980863
1 774 800 -23.427902 70.556438
3 758 1146 -92.748137 -85.600311 1.009662
6 694 1972
6 289 353
6 254 909
3 122 589 -8.324517 37.787453 1.000501
6 97 536
3 599 1443 33.497899 84.106310 0.996177
1 1064 1345 -36.507485 71.512330
1 633 1221 -29.674303 -17.920884
3 235 1271 42.574273 -89.415234 0.983939
1 511 1378 12.092264 -88.277258
1 80 1200 80.243824 -33.362237
1 1054 1640 -75.933674 -32.857138
3 611 1158 -15.231276 -63.855541 0.981103
6 1310 1512
1 553 1712 34.519186 38.829551
3 826 1215 36.977535 -85.619413 0.997068
1 22 1319 -76.969840 -12.035885
1 3 604 -60.063862 -59.372182
3 650 1510 -6.926537 -77.706236 0.982027
6 1087 1449
3 504 841 48.059312 -32.946845 0.983941
3 516 747 -91.639204 -16.799052 1.008871
3 700 796 -47.100173 64.988451 0.980765
3 469 708 26.781568 34.397896 0.997052
1 1265 1523 -60.626600 47.142777
1 736 1784 -42.699868 -54.948370
3 262 1338 -29.526604 96.465818 0.991993
3 242 715 -54.491581 8.954753 0.981563
6 1118 1750
3 27 1260 -12.419075 -65.031777 1.005006
6 1111 1114
1 39 1051 26.145307 23.383451
6 214 244
3 521 1636 82.188109 36.846136 0.984083
1 1313 1961 52.888007 77.618739
3 956 1037 27.366821 -92.359010 1.001759
6 383 673
6 68 1461
3 320 1861 3.647377 6.926171 0.984820
3 1035 1552 24.931253 -64.362367 1.009070
6 148 443
6 150 373
6 998 1066
1 66 1593 93.647743 -38.432690
3 154 1313 3.635874 -26.448850 0.981201
6 489 1598
1 1405 1978 -48.015343 -18.453763
6 259 1979
6 638 920
1 1348 1385 -81.354857 33.184181
1 503 1592 -40.758232 95.037787
1 1420 1958 -70.181725 27.463867
3 982 1378 -96.595052 -11.679953 1.001194
1 203 1914 -55.030231 -79.908529
6 1312 1567
1 1198 1522 55.881380 -47.536190
3 292 1302 16.816025 16.420062 1.000844
6 1099 1584
6 623 990
6 517 1168
6 452 672
6 970 1100
1 1385 1911 -29.239905 -33.366365
6 256 1293
1 86 802 -29.185006 -67.307422
6 1190 1543
1 1244 1359 -94.885680 -97.071014
3 845 1744 -22.905963 -98.560700 1.001464
1 479 1828 -33.826507 81.709058
3 164 233 -57.850582 55.609581 0.992691
1 507 1532 -96.444800 96.824334
3 672 1858 99.554308 -17.218172 0.998477
3 860 1973 -24.302275 86.161175 0.988256
3 1745 1792 -48.415481 -85.608512 0.985032
3 470 498 19.297322 -8.366017 1.000328
6 349 1931
1 201 1356 5.014346 -21.876756
1 899 1628 31.523961 31.697770
6 1806 1841
3 1078 1299 67.770457 -86.073541 0.993171
3 483 1825 -50.026170 -90.930209 0.989776
6 116 1955
6 237 342
1 260 1639 -99.495015 56.707696
3 458 681 32.819778 9.236365 0.980615
3 180 1054 -19.016672 -92.316118 1.000743
1 886 1791 62.003094 -28.918642
3 1488 1603 -88.601932 1.862835 1.001673
6 857 1435
6 604 1053
3 1585 1827 77.353397 4.454625 0.988422
3 1288 1403 11.026316 -99.978433 0.998308
3 112 1911 -83.429371 13.674490 0.999261
3 749 1890 60.825103 -84.873795 0.997520
6 650 1489
6 271 598
1 1290 1818 -55.994780 -48.606508
6 142 1939
6 690 1369
6 618 1088
3 1934 1986 -58.693349 -81.698737 0.980204
6 413 1544
3 607 1554 -99.697129 37.938593 0.982632
3 51 668 -85.715321 -54.862052 0.987237
6 838 870
3 1269 1563 -67.966087 -18.950308 0.983667
3 693 1880 -83.076602 18.715637 0.992529
1 255 1363 78.291914 93.553571
3 664 1331 -51.108325 -54.553377 1.007517
1 1365 1626 -89.899362 -88.917131
1 596 1637 -79.854280 -70.784046
3 1213 1403 59.862266 -32.295296 0.982130
1 509 1767 -19.479764 -94.766121
6 1403 1694
6 877 1348
6 947 1032
3 61 1674 48.828822 67.762137 0.988674
3 1140 1325 -89.843568 53.735179 0.988559
1 703 1283 -47.412341 -31.905550
3 632 1261 45.934298 -57.449175 0.993429
6 579 753
1 981 1643 3.685324 10.738000
6 414 427
1 407 1883 45.167136 -45.165300
1 494 1634 -74.990322 0.198904
3 25 1128 27.156327 -3.846143 0.986022
6 87 1445
3 376 574 14.264304 -2.914674 1.004036
3 1133 1944 36.406298 -51.220164 1.009515
6 1124 1927
6 208 1378
6 1173 1407
6 145 1507
1 245 810 -38.771773 -99.499806
3 678 1763 -21.318865 -50.960742 0.989758
6 234 542
1 1803 1930 55.760007 -23.387763
3 224 1980 -91.837341 62.654404 1.008597
3 228 499 -83.123637 38.413144 0.997530
1 289 1907 -54.398981 9.510043
3 1275 1508 45.926162 -92.534440 0.996889
3 668 1086 -36.617650 -69.070117 1.008328
1 894 1895 84.105040 -58.122740
3 1698 1735 -68.735500 45.645419 0.998012
3 1221 1232 -46.867296 -32.653147 0.994811
3 554 1084 33.838150 -3.609470 0.984790
1 159 653 35.847942 -34.782742
3 447 1998 44.497619 39.682425 0.980849
6 829 1549
6 31 960
1 428 633 -47.397575 81.429070
6 1184 1414
1 1145 1598 -86.295501 47.563169
6 505 637
3 756 1349 4.021661 86.905034 0.983785
3 1768 1873 -49.623536 36.245183 0.980180
3 571 1485 48.442990 -22.025467 0.994779
6 535 1242
3 699 1539 72.277577 47.451079 0.981369
1 1222 1431 -47.468797 31.769374
6 358 676
3 529 556 84.530451 74.966944 0.981303
3 368 1739 -80.625279 26.698125 0.990412
3 1274 1541 24.123456 13.530740 1.000463
1 662 1349 44.758447 -95.671910
6 361 1087
6 196 914
3 534 602 44.959458 48.208019 1.009958
6 888 1511
3 163 811 56.489843 9.947055 0.983883
1 1796 1872 -87.053100 -0.137662
6 1639 1848
3 934 1220 60.547813 -27.089783 0.991697
6 188 299
6 1172 1799
1 1711 1989 13.711374 12.917953
6 713 1442
6 218 1022
3 84 1018 89.340435 99.876587 1.005717
3 631 1907 83.968008 -9.969846 1.001888
6 573 1605
1 1426 1483 -71.354769 -91.498522
6 1196 1276
6 844 1446
3 295 1401 88.721976 -2.166592 0.982113
6 195 656
1 1078 1551 72.507767 -35.276551
1 15 451 52.925013 -98.104505
3 110 1310 -18.471581 49.786797 0.980095
3 1376 1799 27.460551 -67.346757 0.981148
3 1382 1878 -63.698967 -71.491029 0.999222
1 417 1333 72.347109 -28.278577
3 436 1557 47.240248 -17.434931 0.992669
6 946 1125
3 529 573 67.968643 66.065248 0.985674
3 43 201 -47.845232 -72.928079 0.982146
1 393 1001 -97.158926 -64.352375
1 1626 1998 49.475117 -26.554587
1 1394 1437 -89.479389 -64.235644
3 681 1397 -98.365475 -35.071667 0.998596
3 4 780 -61.968493 77.985248 1.006693
3 130 413 81.384404 -72.490445 0.999893
1 789 1401 88.414722 -92.394692
6 654 1210
3 509 1735 56.845704 -13.536050 1.009245
6 686 1966
3 491 1109 15.468977 21.352098 0.990280
3 1228 1330 -93.653960 74.516007 0.983452
6 395 1589
1 310 1827 -89.678708 61.734412
3 80 385 -12.625987 67.128448 1.005484
6 1207 1801
6 1319 1371
3 500 814 -15.014488 -88.937548 0.991984
6 552 569
6 303 1914
1 838 878 86.920300 -90.673626
3 1378 1714 -8.484861 13.099479 1.004465
1 8 1691 -36.348309 58.338142
6 206 1586
1 796 1706 -97.513341 -3.527950
6 365 1530
1 193 664 -75.701199 82.306254
3 236 896 -81.257980 -96.600656 0.990055
3 708 1199 -53.440150 -57.515686 1.002184
3 319 1120 -87.634132 -74.478965 0.992234
1 965 1006 98.185697 -95.908781
1 414 971 -92.750110 69.881717
6 877 1799
1 1 744 -5.007186 13.389079
3 1490 1737 -29.715989 -1.512069 0.992260
1 1173 1478 17.790585 -24.958239
3 1812 1869 -56.180981 45.649484 0.981159
3 323 1157 -29.515286 30.696998 0.998952
6 317 1658
1 1401 1970 -22.494999 36.724355
6 464 837
1 471 1641 -91.365885 -33.084198
3 315 1414 58.181499 -71.180640 0.983113
3 287 1251 -63.801704 -88.879415 1.007376
3 29 1517 -73.649105 -87.453232 1.005078
1 646 1740 -86.273167 57.110571
3 1027 1993 24.923387 65.192262 0.984525
6 12 1588
3 176 1021 -95.737368 -50.400823 0.993513
1 450 1986 60.510912 79.475354
3 965 1816 77.221281 53.383041 0.987221
3 662 678 -6.375470 6.135135 0.994646
3 981 1134 -37.774927 9.031319 0.980854
6 620 1105
1 699 1875 26.965749 -13.709659
3 121 1095 -70.320194 91.157363 0.994524
3 1498 1899 -5.647645 -55.403562 0.997120
6 695 824
6 872 945
3 392 536 47.462826 -14.670688 0.980155
6 1086 1828
3 703 1349 12.040314 45.602903 0.993801
3 1798 1879 -7.815628 -39.727116 0.987785
3 164 1348 31.943078 -89.006342 1.006769
1 528 637 5.479969 -91.173685
1 561 946 -57.490846 -17.976766
6 1497 1987
6 378 1183
6 524 1099
6 1022 1579
6 581 1352
3 1315 1381 -33.188428 41.007766 0.987759
1 1850 1998 -95.683119 89.412818
6 410 874
1 1382 1756 24.963467 -14.404148
6 1161 1947
6 1623 1926
6 255 517
6 282 1656
3 61 1369 -44.876237 -18.129048 0.990493
3 1227 1669 42.037719 53.822402 1.005379
1 1232 1680 -13.498334 -61.043128
1 1250 1624 -65.060294 -67.969828
1 22 1303 -8.546162 -73.909941
1 377 1250 85.470887 -92.156754
3 205 651 51.071413 51.221546 0.995660
3 1114 1586 74.465350 79.235330 0.981187
3 1975 1983 -64.969126 -80.433265 0.990982
1 563 950 -9.841972 -92.499941
3 1041 1045 -43.794413 -19.023954 0.981525
3 536 1555 -90.633780 47.293559 0.980018
6 295 489
6 440 967
6 760 781
1 44 724 1.671195 -97.128055
6 700 1531
3 328 1732 48.648352 -10.805987 0.999568
1 97 983 -54.154058 25.573300
3 1600 1634 87.809785 44.414581 0.981420
6 1694 1953
3 369 484 -96.134132 -99.234648 1.006018
3 172 548 71.879106 -2.107904 0.994723
1 1392 1573 37.335580 -90.737863
3 17 536 -76.500977 -99.510078 1.007104
1 132 1758 67.600345 47.280188
6 1086 1675
6 579 1855
6 1077 1904
3 947 1425 -70.873700 45.699632 0.981517
3 1481 1982 -56.856990 -14.858595 0.982849
6 689 1354
3 326 1641 -13.692096 -81.981918 0.986934
1 91 1273 93.696575 94.030915
1 459 940 -28.260441 94.659256
6 613 829
3 1175 1963 -93.568842 -71.022797 0.986681
3 413 1312 -84.735636 -12.696465 0.981000
6 142 1576
3 339 1080 -89.303144 15.717304 0.987117
3 10 1177 10.164991 48.935869 1.004488
3 830 1440 93.743567 -29.117833 0.980081
6 214 324
1 501 1904 65.388977 10.768071
6 733 757
3 267 1812 -49.329876 -89.953364 1.002372
1 693 1826 -54.264705 -68.003997
1 765 1925 -7.243713 6.089632
1 534 1480 75.396475 -98.853954
3 1433 1498 -32.922464 -94.395811 0.981840
6 629 1535
1 861 1981 83.324828 -97.233649
6 468 554
3 113 290 34.883357 31.092750 0.982779
1 213 1762 -81.316699 7.295200
6 725 1988
6 869 1220
3 1285 1796 19.569072 93.008958 1.000357
3 738 892 -25.212882 49.202580 0.988315
6 942 1083
6 331 920
3 1467 1926 -12.775989 -2.665342 0.991228
1 1483 1882 -13.622924 -4.551627
1 987 1992 92.216102 44.321731
6 195 218
6 1874 1955
1 1166 1471 95.144386 -14.108289
3 1074 1378 -88.003523 -91.757427 0.995582
6 196 1221
1 701 1779 22.618547 61.370726
3 1307 1489 -41.572778 96.363069 0.990210
1 228 1541 25.491918 -5.410648
3 1769 1814 -94.671526 -90.668681 0.985007
6 377 439
1 125 618 -69.666488 47.999741
1 552 1446 -90.079786 -88.765791
6 812 1001
1 64 1589 69.948972 -57.882285
3 146 1744 77.985986 -44.197680 1.002848
6 865 1961
1 115 244 98.504472 -30.595622
6 197 1973
6 133 241
3 192 858 -77.475895 27.848647 0.988741
6 12 1096
6 58 895
3 640 977 34.551814 46.271807 0.991081
6 1554 1597
6 1241 1847
3 518 574 48.551881 -82.924991 1.003594
3 179 1899 -13.252530 -34.594781 0.998107
6 777 1443
6 64 1771
3 667 1164 -47.402802 93.937381 0.985002
6 802 843
6 898 1237
1 167 1032 34.520928 -97.304506
1 417 954 -47.476163 -4.002573
1 1039 1497 -96.665760 -81.055794
6 770 1963
6 1440 1644
3 1096 1320 44.970601 74.482055 0.994423
6 223 463
3 889 1723 -78.476928 28.786433 0.989775
3 1477 1905 -29.807833 -27.795979 0.983869
1 144 1161 -10.765393 15.311570
1 802 1331 -72.305834 -67.353361
1 204 1654 -83.994455 -80.880601
3 548 961 76.749972 41.203054 0.999600
1 71 1369 -1.399002 -19.564472
1 264 1049 -66.472791 2.928902
1 399 1537 -0.534440 55.859472
3 569 1260 -8.520647 -46.525305 0.999239
3 6 816 -89.458385 30.065314 0.998411
6 106 1699
3 12 1834 69.272868 39.662145 0.980082
1 1227 1658 99.153349 -30.755336
1 603 974 5.052511 44.969324
6 1452 1719
1 897 1520 2.936047 -96.404062
1 264 484 -95.937814 -21.951079
6 1233 1779
3 502 716 -85.104696 89.000298 0.997547
3 929 1420 -18.988457 -82.063613 0.995571
1 1100 1522 -78.656172 -20.100595
1 1371 1644 -86.699532 -59.579062
1 323 573 -11.200535 84.569530
3 270 1554 -80.954757 35.481668 0.985831
6 1420 1811
6 497 1339
3 61 1176 51.838665 -9.180539 0.982152
3 713 1355 -37.615480 -3.417658 1.003682
1 986 1556 -88.169606 73.064353
3 209 802 -55.436813 42.478078 0.991207
1 108 1545 -8.666638 2.909434
1 241 781 20.225690 -48.433666
1 12 76 -31.954667 47.831755
3 1381 1694 24.708837 -29.501054 1.002548
3 456 1692 -81.395382 -89.522988 0.983790
3 194 1175 -45.051081 -30.911020 1.000585
1 718 1650 -65.227627 99.267240
3 290 1784 -0.569506 -19.318996 1.004200
6 220 1722
3 287 1399 97.413658 -92.086362 0.986657
1 47 322 6.669541 -96.075131
3 555 1446 -75.659331 -81.958294 0.999523
1 591 1995 -38.056214 -46.232318
3 903 994 83.450389 38.643734 0.995487
6 1413 1990
1 1336 1529 -92.102391 -36.978370
3 294 496 30.679847 24.940897 0.990713
1 1037 1611 78.452408 -5.224148
1 1207 1738 -14.611991 -10.419176
6 1659 1966
6 341 1820
6 965 975
6 1129 1268
3 1294 1698 -53.177172 -76.779944 0.986352
6 768 814
1 335 1265 -94.104093 -92.558604
1 434 1115 38.985144 9.549936
1 1215 1880 39.021158 -78.827853
6 1421 1915
6 635 895
1 878 1311 55.641151 95.579307
1 4 1557 -37.242986 -13.599597
3 331 964 14.554266 -34.751154 0.980308
1 84 1854 -33.381577 -1.352245
3 203 1330 11.423362 95.477650 0.985803
1 1227 1393 -98.173723 -72.914521
3 547 570 -11.962447 -53.344435 0.993306
3 291 749 -75.709492 33.447601 0.992735
3 291 1126 -85.985050 -44.999202 0.990582
6 868 1360
6 905 1646
3 542 1175 23.067581 -96.432621 1.009891
3 1466 1707 -91.637637 -91.438093 0.990609
6 1147 1305
1 1354 1616 -68.633363 -66.111056
6 1111 1716
3 569 1905 -90.834788 6.138657 1.007576
6 330 1441
6 1144 1523
1 1254 1789 -98.416315 -78.741522
1 227 1866 99.650435 -43.281140
6 249 1388
6 806 1991
3 217 1239 72.689937 63.731184 1.005407
3 291 1657 -41.287364 -96.444348 0.987873
1 1187 1782 -91.251087 -22.807936
3 277 1746 -42.412851 -14.756577 0.989546
3 479 1675 -67.616474 -60.741124 1.006053
6 146 756
1 549 1457 37.346367 24.025259
3 1696 1984 -53.412810 4.532397 0.982859
3 393 1372 24.599604 -43.364064 0.986682
3 948 1515 -13.653189 91.672072 0.983348
1 482 1324 9.115896 -32.456057
3 620 721 -71.571639 -71.615627 0.981149
3 203 944 -45.028527 26.196370 0.980230
6 1290 1597
3 23 480 46.859160 66.977364 0.981247
3 158 624 -25.663361 78.365961 0.981584
1 436 1460 -12.461118 67.106564
3 453 458 -48.495202 -4.341994 0.991152
6 221 1271
3 122 1777 -57.598019 98.972214 1.002419
1 363 564 35.180829 30.720818
6 389 1264
6 135 1147
6 405 772
1 1399 1621 -18.235864 -62.418302
3 1234 1726 -14.166189 -81.423595 1.006753
3 1265 1399 -15.505310 11.874653 0.998107
6 567 1846
6 489 714
6 633 793
3 470 1704 37.294103 -18.814228 1.004688
6 979 1480
1 404 1090 37.143375 -75.216648
1 1192 1835 -85.783031 -86.147410
1 1024 1805 15.297565 -20.230343
3 103 1897 -4.107493 63.565882 0.983738
3 619 1444 -90.666773 12.132710 0.992967
6 467 918
6 704 1006
3 24 586 49.227626 -99.852669 1.000353
6 1122 1827
3 1390 1486 61.402638 -86.910178 0.987901
1 83 599 -19.798274 -85.491980
1 700 1097 -95.419194 -80.655871
3 1361 1822 21.879033 -91.802807 1.002953
6 719 1140
6 377 659
3 795 1847 -67.595074 -44.493136 1.002397
3 1877 1979 14.719488 88.977579 0.985291
6 320 1411
6 77 262
1 698 1718 99.383052 46.344261
6 315 518
3 689 1875 54.801519 -97.126943 0.990210
3 102 1393 -36.484998 75.133717 1.000611
3 1228 1615 -86.405214 -70.757372 1.008239
1 417 1808 10.266831 -4.382797
6 1139 1251
1 122 329 28.360472 76.796616
3 419 987 -18.899648 -69.013172 0.988766
3 41 797 -25.287318 -99.411506 0.987320
1 41 1491 19.158577 -77.439129
6 746 1177
6 1660 1770
6 195 744
3 883 1367 56.245648 24.816090 0.985644
6 1181 1207
3 106 1212 15.146914 -13.125219 0.982232
1 137 791 -0.469818 -18.489948
3 835 1131 59.654359 0.688108 0.980689
6 1172 1854
6 1653 1981
6 149 900
3 714 1313 -93.915841 -69.006336 0.986294
6 380 1077
6 272 1221
3 589 638 11.337288 -32.430345 0.980822
1 217 1322 -34.481607 58.885474
6 24 1965
1 829 1983 32.257677 -76.955740
1 22 1784 3.727748 -60.653405
6 1062 1770
1 549 1598 4.413554 95.849953
3 762 1041 81.947289 31.076105 1.002940
3 1040 1299 -53.709951 -91.414352 0.995656
6 968 1281
3 609 1247 -44.355108 18.611214 0.980064
6 74 493
1 40 1206 -97.931065 -25.235119
3 588 1742 58.332698 18.767836 0.980883
6 918 918
6 412 1852
1 315 794 47.602198 63.554066
6 402 403
6 686 1415
6 475 1680
1 491 1456 -43.025940 -9.459509
6 46 356
6 658 1995
3 557 1952 59.536108 84.365203 1.001169
3 427 607 48.493286 -88.427993 0.985460
6 432 754
1 1280 1563 69.187358 23.840063
3 695 1124 79.523381 -74.930892 1.004230
1 414 942 -42.043978 -70.537003
3 799 1335 -51.192554 -12.417549 0.981618
6 579 668
3 296 312 25.619796 -38.250558 0.999445
1 676 873 -22.925056 82.240854
1 1097 1746 -94.109271 58.959558
6 1487 1862
1 63 1265 83.588309 -15.983511
6 582 982
3 348 361 48.238037 43.377722 0.993342
3 80 1580 -1.136596 29.054192 1.009157
3 304 1160 -85.639275 -46.887926 0.981105
6 471 1668
3 74 443 -21.196237 42.018313 1.001784
3 297 1173 12.604976 -21.531522 0.992218
6 21 327
6 1711 1866
6 1108 1963
6 108 757
3 663 1449 48.267229 -4.269735 0.989562
3 581 617 -33.969890 -43.227243 1.004295
3 90 1382 3.962961 26.397629 0.995830
1 991 1214 -82.301054 9.680868
1 348 1734 -17.117306 -36.732848
6 1227 1800
1 722 1100 -48.618282 88.762907
1 844 1494 -0.988183 -58.269056
6 1325 1532
3 707 1653 -23.931497 92.126627 0.996332
1 150 1283 -88.129358 2.534168
1 188 532 -94.006471 -66.499197
3 98 1147 66.771097 25.195072 0.996046
1 641 1373 -85.984247 -64.485267
3 72 102 50.102228 -91.958101 0.988094
1 1013 1200 -79.981237 24.619231
6 1053 1501
3 240 1127 -78.282153 -41.949471 0.983689
3 120 531 77.655546 -44.649017 0.980001
1 51 1593 15.645469 -74.446205
6 1418 1678
1 846 1356 -75.746406 -41.976179
1 119 1010 7.225292 -34.598087
1 597 733 89.583474 -12.847942
1 115 769 91.899954 48.626759
6 1165 1717
6 1429 1879
1 381 650 64.407278 58.721680
1 1008 1676 -78.388498 56.128689
6 614 1442
1 209 570 -41.197982 -94.274181
1 241 1427 2.502330 1.766078
3 652 765 -36.491313 82.219417 1.002274
6 869 1400
3 1497 1611 12.997224 95.616911 0.985828
1 217 1098 -38.706270 -93.969414
6 186 768
6 1783 1832
1 641 875 -92.397475 1.534068
1 1291 1564 -81.001740 -82.168618
6 882 1336
3 1090 1391 6.366742 48.768822 0.990229
1 1123 1229 41.820567 65.987361
3 912 924 -33.895525 34.391443 0.994477
3 307 958 73.443423 -90.846647 0.996443
1 168 671 22.587801 68.724070
3 336 762 -36.215649 92.248222 0.995603
1 82 1532 -85.501352 -8.433761
1 130 1831 -94.470541 94.265322
