9557729.862094
6619989.402072
-10.351317 1.750605
-24.243248 17.612843
-2.379077 -1.804424
3225860.292082
17734769.162533
66.243828 -54.841509
53.731826 -29.427334
932834.757827
71.685068 36.095730
51.309039 3.791569
57841873.355094
182.685324 21.383038
6456885.360373
188.862155 27.999518
57081792.697357
127.312055 -0.470658
3252648.674240
245.280856 41.498734
284.252143 60.345391
77595386.519339
236.223021 23.373563
143.355484 93.623927
236.373235 28.017905
34588901.514041
199.933870 12.434210
107025765.020805
30619563.831897
287.741785 56.384485
262.720303 19.187072
192.940353 5.945443
232.196712 17.136808
53767790.909851
287.630818 14.568960
115810668.866005
194.900860 -36.209382
61701263.455662
44378242.437768
92589822.202751
57235590.584191
260.664585 40.915873
30589298.101375
259.038685 45.541531
244.237693 19.823717
96.698642 68.858650
354.595167 -7.515794
275.111596 19.516360
129219037.173747
281.779344 10.805525
31771015.388590
321.879984 23.059217
13127673.791681
262.330879 38.724263
194.195548 18.633888
342.424431 25.439457
19204106.777949
40744809.007052
375.939400 52.334803
83659737.820824
385.875666 35.513333
240956862.138203
336.432388 102.083869
104553206.500271
47052701.866818
337.453339 32.819929
436.033482 25.084160
390.777101 -36.123805
53569916.141627
253.966065 -135.068149
2779569.273240
132074278.204828
26678518.528674
192186784.927084
361.172393 105.796295
328.577795 -15.699209
335.454164 -19.882414
314.111591 -116.333351
84951492.135850
9836339.693041
32750446.162099
107063965.423453
56873312.174519
79037181.817688
215.605837 -238.711132
58008119.010540
17402645.207042
176.807678 -51.347496
35082452.714467
54063517.706208
43570088.823129
194.530770 -167.273838
50533221.580990
198.573999 -93.036861
219.010022 -182.633281
39451076.532615
389.714936 40.198118
153.131654 -85.751193
24555241.202998
191724960.477346
267.657240 -173.136669
19392092.014187
159666133.101130
182117018.124510
171.449465 -272.587815
127811874.052621
178092407.461169
307.969032 -116.812463
57775652.105474
218.276104 -381.266346
164.328358 -321.150775
129.988363 -91.265065
262.924354 -264.967042
227.183905 -334.184184
24709725.904134
334.581169 -295.733104
299.823466 -137.783121
127334389.229888
95326991.327269
8535738.002588
105607660.579156
52778796.114330
172168667.628945
296.474511 -374.780711
46931387.689907
287.198660 -458.200459
73843950.698730
156682352.706213
3657621.479887
288.369149 -148.558457
288.363079 -315.851676
86517247.730211
220.004691 -147.335555
271.055597 -338.177442
83661726.928527
369.709337 -350.213675
303.051039 -255.008293
317919835.024069
190.945830 -551.146977
184812614.647920
240934164.610230
248.777342 -304.555030
233.646326 -285.280531
337900640.620248
323.018965 -191.832549
325.662132 -263.637059
144432687.539419
161700783.814986
245.876470 -266.206052
276.059455 -478.485169
307.377425 -168.308346
300.540118 -229.299483
212.380344 -235.037787
241172700.501382
189.914045 -262.072609
6654716.533046
36107697.475027
378.048875 -204.657256
315963016.119824
201.602696 -332.659449
296.522244 -11.367830
149544027.909976
342.267272 -424.968683
234961441.670072
125053238.128800
12080018.146461
381.449543 -273.554885
48344060.770414
49228021.083983
498.135463 -255.557347
486916476.944330
53951769.213315
239669233.984632
476.425844 -264.840058
33480996.669595
118075447.492815
108300768.934398
664978296.180330
432184946.851256
194449253.827433
202190489.723892
583.229182 -412.345202
105250012.264846
280.571117 -368.901583
906637345.223423
712046934.815251
573690851.964925
574603456.352668
671743924.959752
295945535.251935
121370400.326066
621.219069 -438.105608
330.243154 -208.205917
530.324074 -354.173822
319.733818 -536.833413
42856152.145695
420.886142 -1.373431
403.888280 -352.916912
695401435.221615
618.206568 -438.132834
491.543378 -382.152124
170102317.499734
486.245459 -382.709652
620.251402 -388.191423
288.764962 -290.907078
447.813179 -152.187835
525.164407 -267.080025
366022351.995613
150200174.928418
367800977.096788
764619785.768722
494475479.341851
387920917.121372
512.183263 -411.489615
486.081014 -499.494422
952671312.791324
161314361.147819
194382414.184470
435.426241 -499.629569
563.733103 -453.949543
736907851.850704
587067759.847996
75682608.843302
526.813972 -430.111294
300.552984 -507.733415
546.542161 -541.014392
816707902.951774
123793452.449917
621.667504 -398.629228
669947859.639170
490.853215 -424.262317
484.615919 -445.354464
621.550121 -528.676884
571.323652 -374.271346
378.368417 -234.306232
197841306.442161
290725510.166763
400.242260 -224.282928
527.338889 -415.426437
432.983129 -451.444690
339953560.999827
538.260487 -441.439251
88317177.880240
516351637.470417
73.221465 -264.876008
299.954799 -428.386276
303921767.446554
440.939523 -259.698164
356732427.480138
26516648.052216
298622396.027796
85.312027 -466.315781
323.586966 -475.813294
438631439.426180
199.486065 -273.426679
163751334.008011
101031693.530152
887035636.177379
238641030.076859
5601367.658841
659219.054877
120248844.121239
99.137001 -543.566401
46576090.306711
25.728953 -621.917492
82.624233 -779.791316
54.707126 -673.243286
126.196244 -936.085942
26100452.950566
112.006771 -871.200483
1002268044.125154
311875899.375801
253941567.384969
27.155799 -616.817261
114135805.512300
35398279.347374
223732086.510692
13.185360 -543.776271
566494715.310938
58.996609 -733.348549
656196638.394608
694782014.636405
105.153865 -541.783532
51.699219 -627.804668
87092366.136700
27.137469 -912.055654
13281907.132666
90.796535 -167.039100
147.277217 -659.616462
72.429821 -700.170479
109.608582 -652.836597
54.825548 -794.813231
54323383.366627
312027458.732435
-48.270804 -536.775817
89.100615 -568.254713
135.925298 -806.298565
157826366.822298
-198.096222 -772.892859
-6.802934 -705.240916
2.782260 -657.950275
598363399.408997
22364301.204307
665206560.676704
207785188.870224
-69.068381 -769.342994
123626786.659045
2069729.671620
400452722.240204
270589583.786154
526689812.530771
843538476.007746
16.302025 -560.409871
-49.528939 -548.703985
48207487.903721
573312489.963303
-30.025262 -855.136457
852787966.046090
581691867.924070
54.301721 -754.745541
-26.838419 -630.962495
117662333.107620
-22.325750 -678.955353
655037024.014625
-32.423901 -675.696094
193875845.944817
1139305433.328480
28.828207 -776.165099
673154087.695687
23.676269 -504.264540
264.647977 -663.463125
33.903614 -918.374542
132416445.421493
41.159005 -803.676379
20.576588 -658.784646
258.019220 -665.148856
230192073.223992
89.805246 -776.808820
150351514.206569
49.057635 -755.384763
208.905509 -513.029843
32627648.674397
-62.390289 -699.386945
32438882.378297
-13.659692 -530.840831
286110332.209809
66.157210 -703.578803
21675495.612737
97.993194 -565.712780
-59.202693 -691.702801
1387922.153933
34.231201 -645.834753
19981224.353740
50.160848 -657.235282
382748623.353241
365608563.113298
770694146.283995
14.365390 -827.147259
12.355921 -828.738339
61.813803 -878.786860
175103783.171140
102.447500 -747.046235
62668046.008066
431969389.961969
135.106595 -754.886660
914428885.910030
27.337233 -844.293596
65.372114 -833.653052
862322591.791705
85003075.780964
232490700.334435
69.497457 -892.731020
73.781461 -883.149876
37632126.564067
465674849.620807
236193705.828776
-32.976536 -1103.631229
83.267183 -419.530043
110850256.842700
67501578.448183
271.862671 -428.260897
1350778682.557901
1121633443.050809
150507642.148427
21606454.901778
59.834176 -660.457515
130.867812 -785.187555
294989591.971329
128.455698 -900.583433
193.257821 -513.873123
116.188189 -748.543030
420.257215 -801.111332
150138864.526736
323.009581 -558.564792
542913579.060550
351.934234 -665.028960
350.387378 -1237.035351
77672019.506312
117839158.917129
224015320.636112
965159081.561195
352440223.622616
892776701.053289
2108864.791808
540460964.394046
265.443838 -605.119360
495.898831 -850.311842
417.881522 -961.850363
530.587938 -979.551703
425.229894 -927.772938
492.147868 -1029.708608
1870319149.063609
374.400316 -827.976867
248.445485 -475.514238
394.368603 -803.078664
653.505278 -1526.305469
620.122107 -1583.524816
1763434799.508142
1776762205.873214
-83.071052 -301.433053
764.780188 -1049.066038
806.542062 -1249.846183
1281536107.092646
739.409361 -1146.234814
1907290351.542370
503.070013 -1124.622790
578.773075 -1121.636284
1927650163.972064
862715146.012739
1104190984.711843
2080460695.810157
883775233.657836
1575174686.664375
1047829379.253235
227771197.316378
628.371661 -1122.975690
390.801648 -1294.965339
385.636644 -1235.255227
327727275.793684
261971154.292381
19164945.226039
426.570050 -1219.779963
508.870951 -1625.467359
613.304524 -1264.548046
695857281.479138
335.968279 -1262.745238
1867392985.070950
374.867456 -1285.372987
495.996953 -1215.321884
351631235.993591
342.176974 -1799.152965
197.691191 -1061.573121
3129846139.103783
172419527.200517
224.250193 -1141.354346
235.672269 -1448.467306
510.565002 -1212.768011
1195512181.962762
166.239960 -1350.541265
683828806.624777
153.238397 -1945.262926
1316979244.721308
193243100.176759
169.506518 -316.590453
507008431.194402
385122024.664297
1693004333.552077
2768801293.803420
436.227365 -981.228064
127.366647 -1017.147660
107.368149 -956.446435
36.106723 -1124.666874
192.017436 -1177.893067
1485253879.408029
1764113468.398938
-117.948978 -1278.586994
-7.547099 -1239.679889
-0.956234 -1236.029027
2352569237.940847
39.472671 -1066.318915
992737695.576840
937312825.691349
599901102.277306
247826520.442453
383598586.076566
1670212407.994893
1343044956.921060
106588616.970492
126.074057 -1140.878134
-43.822824 -1045.202506
15.861878 -1145.170092
91.284512 -1009.664016
384898669.523497
121.401253 -738.618497
226.940551 -725.256963
1040993846.102938
162.969967 -908.784462
268.817782 -1155.211492
5.465432 -1138.791702
1007512954.548458
1448557784.988138
13641420.940334
46.741139 -1002.111904
277273420.857623
96.736018 -938.846410
875607843.892166
-25.769383 -1085.484607
72.208522 -942.023330
892974855.111578
70.948486 -916.525044
336531307.499791
107.704918 -886.091356
282.178224 -199.511256
-33.309795 -1117.063044
24642734.183492
-71.105432 -853.400880
-70.640272 -1148.882742
270435488.610949
167.642212 -421.826608
778917127.151514
61.028429 -726.974731
696959735.771646
500435091.915090
856884825.266702
-192.172669 -940.327586
591160163.703146
-85.461983 -1046.682394
895962358.743098
1396895075.610953
284023602.534976
-32.653419 -1214.599395
-139.443598 -1240.310245
-72.590409 -1125.897340
-74.394884 -1193.908108
-28.948153 -1090.156950
-127.017138 -1078.939014
1010841637.646693
43989291.820275
1283013754.121885
-65.500843 -907.329418
1114572401.351982
301250831.804769
-349.839495 -1468.096821
-269.434968 -992.074537
-191.843900 -1074.021536
753806655.421539
-88.694471 -544.695664
1457562283.917769
-376.302899 -1444.887416
186669782.102977
-164.312954 -1003.173623
-161.089078 -974.318682
1454023713.736093
1289697638.940725
821383883.663252
1758173686.574439
1359927983.100103
255911043.569482
609944063.410525
-40.883095 -969.781744
734077833.436465
180898622.565968
-86.339317 -1095.924994
-72.798272 -1027.061734
1667911301.749956
-15.898389 -1007.381131
-107.849003 -1112.017400
-64.613668 -1081.567253
122599381.425113
-45.037671 -1023.978728
-100.864195 -1101.515531
-49.572044 -995.380960
-128.776588 -1326.924033
1830876614.641674
1270770925.778759
0.510512 -1160.750209
-91.043569 -1244.650211
-28.631239 -1081.573289
-77.366016 -1139.506592
1618346232.550979
162.559146 -14.056760
3.476720 -967.878502
540285319.416326
224349558.011580
922765388.185299
-133.047325 -1427.615719
10.343503 -1067.049316
1364460066.978435
1072782358.853107
62863886.263293
191.386654 20.726414
46.911962 -975.258828
-11.979958 -1326.236042
143039098.056886
74.149039 -1029.819522
1352796650.170762
45090671.195794
155145183.868083
1502654586.715075
163.761879 -653.309758
890598843.593854
225.679698 -898.873734
917826052.123738
442151098.153248
1221211633.143747
263252850.737840
-31.941350 -947.649788
586489726.283419
334117815.610883
111.206854 -957.224914
190.840327 -968.988683
543796717.232132
229.894993 -962.502492
236.287198 -922.952470
215.670534 -930.089499
144.673142 -871.603800
167.723179 -890.521029
784686017.730935
279.364499 -862.559325
1050201444.966289
865935608.085972
257.623859 -805.293874
233174971.351598
245.594864 -771.535921
134.588532 -564.321387
1053264443.843990
212.785644 -604.514230
170.276516 -786.612937
276441708.246224
178.741259 -734.207866
162.795832 -778.239722
137.932079 -774.146730
169.519953 -763.337283
941763296.935122
128.500300 -808.922848
172994187.513984
3650728.370326
237.081865 -234.854682
229.513595 -905.219428
165.479559 -957.004069
261.653149 -766.800668
215.972365 -808.033979
892523977.197538
67603218.814981
193990223.029808
311.819520 -613.109728
400204720.617072
178.944799 -1019.969017
752787479.790299
631983962.908485
248.074991 -706.690128
220.473224 -640.340660
142.617010 -611.146156
150.677540 -528.691888
1303119032.196384
158.374864 -495.484975
151.656457 -201.424883
37330333.708219
195544090.029728
174.232666 -630.660689
530428838.943488
62.500006 -529.685500
342.056616 -762.224927
253.177781 -835.696901
238.927825 -768.052298
201938028.319577
278378887.303261
97.697306 -658.703509
831910964.268397
203.111232 -650.932577
39232089.194370
193.761795 -506.840156
467.720881 -675.216706
1258336025.630530
1.509335 -1012.307024
223.233989 -727.560670
466325096.922370
256.494262 -904.746963
970105953.480959
194805329.241127
207.216064 -711.022018
219.366889 -813.288129
179798584.642446
515.776775 -766.726625
705495595.577971
3794787.560478
176.312432 -936.318935
902458260.960825
177.945897 -638.609536
166.629132 -679.781956
1008113428.443922
504.187194 -587.933404
189.509765 -316.407954
279.667396 -866.599990
529942942.195824
351.035714 -870.338054
337747452.438722
715871935.223012
242.643500 -1082.103713
383.517942 -834.795020
365.578314 -765.851536
1101844038.532428
741424669.951725
70476119.406010
12131719.537404
289.083271 -882.373820
8759332.270837
2081857.327417
258596323.903001
413.678032 -767.502843
335.813932 -636.534074
337.437442 -812.724905
341.985854 -624.308860
585164138.437181
434.883169 -717.942658
1707606679.232282
657679096.227829
355542790.538503
298.206080 -919.913567
313.069311 -826.846586
507428164.179847
406.671096 -967.924238
229.454261 -801.789580
232.212635 -158.064610
872.047633 -982.743107
1581655594.111824
281.882181 -935.139841
232.004961 -799.976310
394.560904 -923.827842
419338833.203027
1060869752.725082
360.256290 -939.279809
712620417.721108
230.359791 -655.803398
223.418396 -668.897948
714.399715 -907.022982
236.112272 -676.803444
571.675980 -947.681644
458.778685 -1020.342077
628.193693 -953.359255
439.828897 -902.728738
602.893342 -861.690855
1151257947.800828
699296829.684385
275.644553 -1086.755943
419497114.909664
212307322.322690
350742052.045864
877.539720 -840.576287
188.449650 -456.903029
311.986567 -797.440983
442137310.569780
254953779.933861
249.559753 -971.702784
303.903053 -759.112221
376920471.679598
261.674611 -417.963312
265030160.324457
855941306.016848
67.874511 -615.119330
105227865.863275
266.800033 -653.416614
121.780259 -690.284779
712844531.974941
177248811.913948
-15.804731 -451.450447
344737005.418096
-35.491423 -978.786322
278.138131 -437.275801
170.293906 -163.952241
151046555.366246
145770206.519758
55153275.809801
525.907397 -674.118229
263.428007 -717.702401
574320547.522447
120.684321 -468.521631
40.467461 -715.490026
948166609.431886
578.509070 -761.279464
440.876169 -515.441143
167.305824 -807.718968
580073016.365444
282.804246 -692.886226
402.878883 -630.874564
50864243.163942
442.172390 -582.272842
504.069760 -700.229235
395.736827 -619.661332
362.953148 -593.014433
-69.719229 -778.001174
123.311395 -705.366495
-81.615871 -540.358475
225954790.579996
449.029869 -532.456520
487.335274 -635.475374
-79.243488 -476.415561
422.105303 -577.628959
-127.384307 -1148.176093
38.157719 -776.973015
137345363.008716
453.555176 -706.334683
552.925013 -820.034871
421823507.662013
742160041.021474
561382976.368461
145.098192 -679.155178
-121.685390 -564.253001
374.350569 -803.309954
-106.511558 -699.923825
782196245.187270
742680176.768561
599872147.643199
181159464.011097
472403174.777221
996026787.080757
-98.532093 -765.004460
66816496.898022
324.782465 -808.118012
-77.740876 -696.114371
470.125813 -764.586840
375.834346 -892.229078
175.087288 -799.964678
996065472.882723
552067431.771418
14466174.518514
1054003126.359419
1535356564.055324
794192795.105565
529668355.519018
51.545358 -884.706894
206676239.556118
514.430947 -922.069986
473434801.778423
58.033559 -792.134490
14.481063 -805.237081
42.737017 -687.819328
25.046526 -636.799451
38.496986 -728.153053
514.786275 -908.381949
620358371.049706
10508516.479452
527.340697 -781.215832
676472408.455864
181.230931 -953.247678
97339238.827725
999537434.274290
380411725.499888
-78.790612 -652.114578
158071562.560444
333857996.251273
533.792352 -1057.699298
394.473766 -695.059231
32669024.482601
397.882124 -925.060516
170.806081 -641.338010
666484726.712135
-164.258255 -685.204129
338.037307 -670.518140
52.211059 -680.066834
1937928.246756
206550594.844318
588730177.617804
409.638368 -689.237149
172.605142 -682.607966
336447785.313985
-71.283391 -738.052033
576.864193 -774.015533
944259982.991274
788047385.643006
213.149033 -715.046148
51.602109 -691.498046
915721841.311368
64.084628 -161.478257
215175132.248988
153.557003 -753.743447
-145.461367 -578.257998
295.990326 -808.445636
145657667.779300
115.426452 -654.360116
-49.371706 -715.869054
403330104.547340
69566284.467149
455242424.410656
594714039.993854
317030614.581597
866279834.816028
-175.142900 -669.609040
768327995.634383
-94.310028 -653.896867
1276238813.257468
344.166911 -943.488427
181849255.697732
-2.989630 -732.269575
15133177.295830
165903602.854138
86.152814 -275.494993
1012002297.946575
238.103764 -789.338530
121.072952 -734.734506
516906309.905577
177.753340 -748.697107
183.423958 -802.200722
167007993.238635
357.607384 -872.998333
290.661124 -783.250955
192429088.796229
212.720838 -440.900522
225.563354 -724.541574
32.424359 -693.222239
415.520686 -593.556055
226830692.087498
7.704965 -690.986911
-26.745474 -593.051081
-136.213425 -619.895750
263569407.085325
302196126.865109
-268.979258 -674.662881
1018577078.905734
322.708786 -745.370438
-12.179319 -620.555493
534336371.967608
176037510.888644
125.251918 -585.458574
1044308740.148636
240784448.177669
380.006682 -675.923712
161.268685 -223.365207
43.971790 -493.182359
140.134241 -578.843001
632639166.610880
-106.950799 -449.497773
566648612.612182
435.225904 -791.535567
473.374415 -774.694752
233.296121 -624.181847
525607971.367748
383.642679 -707.500297
378.057574 -767.251496
330.133570 -667.807664
28.864036 -393.266028
538312609.918423
315.208206 -670.658351
306.761771 -707.235418
344.000047 -766.089714
105.222404 -333.962837
581336370.985528
501222743.063692
1017705404.031140
396.560084 -845.062714
307.177314 -1056.169721
348.555817 -906.425734
99.152883 -944.568199
445478619.284325
142793257.333921
357.160931 -702.262329
376413301.499246
374.357761 -819.644782
1012644016.913052
128.316134 -332.416884
958900072.576287
993470521.462927
18563225.219572
110439285.358578
190194956.259662
272.754803 -576.973957
26908547.811346
221.171766 -479.094678
639026165.915055
9655577.372689
34990531.240337
269562319.347180
574074763.486787
42.848480 -796.144020
25098688.421354
-52.796798 -243.131368
627335066.763217
206.663440 -941.103568
80.945926 -81.357471
208273428.568801
39154821.822358
146699201.265735
355913045.010465
296.256185 -736.743304
249875649.829582
639830036.860696
34860754.409126
793722980.023556
162.218365 -441.710377
163.128808 -387.248940
137.884785 -919.996215
229.301966 -356.826351
399066860.291931
29.536690 -1085.565161
303008202.582709
305474154.654149
264.100350 -529.094401
244.038939 -386.328079
170.475897 -400.836893
18745802.639572
20.334239 -627.807481
251.130008 -463.128893
778391531.705077
-6.605393 -922.805667
77443025.886835
30163440.374416
228.679529 -345.494326
60854528.224263
214.499164 -325.169707
143.739137 -641.681066
109.723710 -450.376641
154.096115 -319.586084
279507935.062645
156.207324 18.092999
419420036.614955
