2000 2000
-13.241481 -8.007401
-53.847119 -64.219096
73.753264 -4.702500
-22.845433 -37.306299
-94.903047 -52.953769
51.562565 -99.814392
-85.981945 -9.360831
-98.578606 -32.294654
76.000012 93.338243
22.532855 57.535425
-85.729506 -50.190282
0.752713 -66.185982
-53.114161 -13.783696
6.166947 -90.992102
-54.040174 28.969949
-41.659730 81.879592
-64.750910 -66.959475
-81.555777 52.892485
-67.493275 22.323647
93.391992 89.606896
59.741697 53.688854
7.964199 -36.949904
50.815231 -74.190902
65.836597 84.733961
74.354551 -14.698989
-83.593955 -91.660138
80.261783 71.326652
69.531508 -79.688004
32.122123 90.175784
-98.747113 13.196622
-48.381292 -27.504252
-92.503047 -46.939925
-10.140148 86.819012
37.244759 94.952851
96.023597 -37.957617
-88.598293 -96.031163
-72.389430 43.099068
68.612742 80.197269
76.001073 37.588917
-65.294527 -7.557151
97.659745 80.990795
40.048307 -2.109001
8.141218 -4.131484
-16.273476 -70.478381
84.962233 81.312892
75.149754 98.892633
53.055823 -3.616091
-3.931514 -21.654324
15.098556 32.664509
66.417784 -83.588794
-94.612932 51.435726
-39.939794 88.416889
44.309791 -49.082448
24.231418 -96.547360
1.737577 -54.411416
49.009526 15.038347
64.136651 13.411474
-3.738337 63.828412
-63.082380 14.084756
-88.827359 97.760790
50.454389 48.942289
-13.003430 86.356899
-98.608444 -11.352919
18.716913 -93.860354
-17.106989 -98.506582
91.955694 -91.412336
97.531588 -9.391774
16.664027 18.194571
-20.915506 -79.834279
-12.366766 65.718402
-52.452185 20.965244
-1.856248 -60.131015
-0.626046 -47.581824
-75.280953 -93.085787
12.960882 94.521931
68.105122 24.476497
-18.965904 -24.962776
3.319645 17.953271
55.094258 -55.327910
33.272682 -37.264203
-27.500669 87.364339
92.463599 -74.055463
13.540344 16.541898
-34.122665 -24.060754
52.785980 -13.496086
-35.729881 18.813512
-74.393108 98.064113
-91.639049 91.141100
36.314859 -39.481937
72.447916 35.310912
60.538013 98.345867
7.603930 60.735005
36.497938 -51.054874
-31.510026 43.406678
-19.980429 -32.793158
4.914215 -73.952783
-44.193997 -93.535031
-60.827579 -69.694790
-39.148941 44.089658
14.467184 -63.112119
49.433963 78.205180
66.981290 -33.836902
55.444432 -96.156882
13.261890 41.481072
-14.187205 -7.175545
-65.097676 79.270797
11.277095 -5.883771
-24.612050 20.718561
54.533056 -47.386971
49.033867 -9.667391
49.384212 51.657825
6.207220 51.838231
12.101910 -47.132985
40.177445 -9.106535
-75.221094 95.478603
47.084633 -16.328714
75.124825 16.174940
86.463762 3.798442
-80.261190 -83.146752
9.609194 -99.653127
-19.189033 -88.155489
-26.155015 -67.798543
-95.799944 72.469357
-90.191560 40.751619
-19.818885 75.388365
89.341981 8.482204
-85.711096 86.031133
2.343223 73.783388
-86.737569 -42.526226
51.980892 69.526134
-1.973650 85.568203
55.774584 91.552641
-86.147936 -56.558837
-79.211275 -94.332398
67.509828 78.794240
-83.711966 99.325574
46.917722 57.936633
-85.779872 39.096992
-99.587953 87.223108
71.306437 -64.977021
80.639093 84.482908
41.179155 -74.542154
-81.520151 65.700487
65.861719 47.679781
-90.894066 -85.629944
-46.805579 20.678634
-48.839800 36.592108
-74.798797 -86.333974
-98.764991 -89.613663
4.917948 -17.449775
81.429307 9.262945
74.279913 -96.343733
-97.678654 -91.650207
-41.170222 93.371546
-5.296993 -85.714884
-31.230763 54.592353
86.200291 69.237536
-36.315592 -94.267173
-42.716797 93.440006
-52.767917 -78.082445
15.726679 -60.282651
44.539134 20.909610
91.618178 78.145044
76.866802 69.500055
-8.236126 15.819551
22.174259 8.381263
81.039980 79.436170
72.966721 -84.570705
-42.131285 3.462053
76.810828 -89.451297
-51.821911 -92.546423
77.379689 -1.086716
49.287107 11.625496
23.370944 -52.547880
-25.567940 -50.111847
-66.244718 -32.970938
82.936479 42.329167
89.878326 -75.312075
-24.761611 17.705746
-34.041523 -2.559555
-93.683825 -89.870152
-21.983860 79.211659
78.510395 -91.095788
38.601256 73.619018
-38.728940 20.515830
70.991517 -1.228688
-0.147335 -27.860592
-93.994574 -95.709434
-85.019471 0.981112
64.622865 29.817722
35.775510 -47.458802
-9.403372 -83.311152
82.610715 -91.090412
-39.550523 -91.408117
-90.547998 -15.104847
13.971986 -97.766003
58.362479 -63.674465
-14.743402 -31.023637
-21.384737 83.592243
-9.937864 -63.935868
-76.637854 -85.382110
81.038224 -11.708341
81.361372 62.127699
-70.151042 14.409727
-49.574895 19.257972
39.224671 -34.270477
99.801564 96.792523
-24.400320 41.416159
94.038269 -22.257355
64.354423 41.825605
94.322555 1.927255
-94.408846 37.021346
-90.213156 -84.668305
49.360667 -11.538422
8.278049 8.348749
53.582501 41.745551
-22.908265 -81.214780
-75.498662 -12.740853
16.964664 38.603933
87.248436 36.111599
-99.304733 -58.938307
6.302275 -95.100655
17.610946 55.906409
68.671560 74.878989
89.101073 -64.480694
58.082278 71.477220
-21.692582 -16.338478
18.086308 -8.199070
-96.436881 -9.836814
68.406097 -88.404300
72.280017 54.363644
33.299157 -36.736559
-66.686747 32.376230
-44.217503 11.210467
-46.954457 84.843376
-5.560876 -1.686312
-11.283312 -36.912325
-82.379484 -95.560595
-37.579628 40.024603
-87.092537 72.867877
-67.653799 5.788346
-79.755298 66.757403
-23.768397 -47.661841
65.611787 49.190451
-98.411531 -18.268015
47.844816 49.171484
-31.958650 55.955929
55.458351 24.824140
-75.023539 88.381693
-7.567913 -31.731195
-71.400278 62.031510
19.249347 37.333893
-10.952579 -40.058463
47.060226 69.855751
0.072378 -62.846801
-97.030571 -16.207371
25.139207 90.002206
-48.430650 -10.517015
-33.977006 37.545337
25.464130 -30.288721
-97.414904 33.052951
-99.503617 -39.611377
29.840041 -45.168105
-75.809665 13.789285
-22.329958 41.934588
-40.612214 88.706112
90.010201 -61.298209
-7.337266 -32.619324
-60.645054 -86.410027
-83.084273 58.247494
89.061529 -42.579163
-88.583386 78.172489
17.278798 -17.800175
-84.080483 -91.128804
-66.990127 46.774898
-2.976900 50.722928
42.159220 -34.968493
17.077470 -43.979789
55.102827 14.807274
-19.516834 39.629954
9.595394 -44.471031
-96.316397 65.936530
46.808731 5.510216
67.759248 -75.254278
-0.544491 -86.645801
15.803110 4.610857
80.481995 -11.159838
73.956922 89.675452
95.395272 13.330373
-85.983695 1.493786
-30.111850 -90.378432
-27.659847 52.740214
89.575635 -79.291275
-89.592365 24.756117
-51.382477 -37.160008
28.467098 -95.563510
46.347753 -0.973480
-79.246068 -84.542570
-54.647901 16.274643
75.509410 -61.614142
7.023143 -58.785983
80.738847 -48.703413
-67.184765 26.804557
77.897873 74.092058
-90.719217 -22.547551
94.987753 -92.935299
61.973000 33.583740
50.801605 58.400499
-63.811087 -64.287821
0.687172 47.885814
-62.712063 62.739227
-20.353434 -97.061839
6.141622 20.172929
87.122958 -25.085058
39.404043 46.883046
-45.735523 -70.135934
-92.887380 86.490643
-43.866743 48.042718
-73.347852 -40.673331
88.404780 -20.167889
75.062358 -9.272462
-55.193405 16.923717
87.205414 -51.750414
9.710549 42.940751
10.231095 -61.665421
-28.754535 14.105723
-74.091562 41.462904
67.641999 37.225308
-85.440867 -25.898823
98.225075 45.084286
45.850835 65.901646
-35.508300 -71.875936
-33.098742 -98.319744
23.228245 -92.263966
20.467641 -3.464862
-36.678801 77.414857
27.783785 61.982263
71.581222 -29.241436
30.926782 90.594571
-51.533592 88.991778
-11.658846 -35.776845
42.282807 19.447128
-73.358979 -51.901948
-10.797087 16.775563
-95.443402 -76.701237
-13.634411 34.114863
3.694740 -65.503734
44.516124 69.470645
-83.304535 -94.399199
-88.327343 -90.421467
65.368989 26.442609
97.309174 -99.485157
-45.924637 92.649405
-82.941062 -54.839346
-14.186648 -54.005461
73.829681 -42.938156
83.989658 -58.342487
-88.116501 52.586791
59.021867 -60.926889
-22.050263 43.685824
1.709596 37.633926
-94.053862 -42.482849
59.325314 50.690535
25.327930 -46.636093
23.672557 80.199313
2.728061 51.715186
19.837652 44.442466
-81.304129 -95.083944
-66.780580 91.529375
-95.923165 9.340662
-62.813146 -33.839790
55.729277 -55.463325
-26.184418 -93.721671
-29.255447 -5.166156
-94.277204 63.462003
-54.613094 12.678802
-90.496075 -49.896011
59.781852 -61.824192
36.989903 60.921574
60.020186 -69.149547
18.138942 85.352706
-73.963252 98.619288
-50.283835 -61.465752
36.904806 39.021748
-62.882449 -39.931941
74.388771 -89.619837
-22.263356 65.957608
-99.054645 26.646686
86.037858 1.133233
-53.546449 49.606859
15.770163 48.229206
-89.606961 -74.155159
82.998786 45.332108
-12.467443 -8.365921
83.078064 -66.270612
-20.456245 30.874002
-47.469873 -96.991986
62.866840 77.899771
28.234351 -81.133745
95.004955 -41.384096
45.025870 -78.192320
21.348217 -67.774911
92.797556 52.858912
94.115870 71.287428
97.282355 47.107985
44.449318 98.201864
-28.157657 -57.557913
-0.798727 -92.596616
10.925057 -43.684393
-78.502994 26.015152
21.850250 -40.236575
-62.995189 -39.737721
-13.370413 52.002843
42.860627 -75.440585
-93.513620 88.186391
58.187848 26.863249
14.104160 92.929381
30.927909 36.705381
-54.437781 56.485061
27.292275 53.715528
6.290935 -27.511258
-51.932211 -85.433086
-91.789229 -97.451251
15.954970 -84.774107
-66.386765 67.664535
1.348133 56.842610
-0.317091 -92.423202
-21.877759 -37.305741
-41.855875 84.800605
32.524760 -89.567414
-71.781546 12.391310
-0.987363 84.792852
-76.365249 52.756506
81.739508 78.296454
-49.164018 99.043494
-0.132559 56.548688
-80.807250 27.664546
92.244515 24.216917
7.560378 -22.389996
86.893822 -96.997673
-15.986920 12.395878
44.629772 -7.727591
55.571754 23.600073
41.221089 -40.253967
26.857217 90.748730
91.011366 -73.709925
-11.249824 8.990387
97.406108 80.827624
-39.752060 -82.523249
45.033600 18.815141
-13.420502 95.406785
3.873164 55.050090
49.451812 -73.820256
-54.406717 -13.641883
4.162599 -90.667856
16.141528 28.597594
-27.028534 -39.648343
-23.726954 62.563390
-93.577283 -94.143122
-42.701910 -19.651788
30.456004 51.800805
-44.682741 58.721169
31.834300 73.370451
-3.549653 70.738445
-11.528861 -89.380769
-85.849451 -72.527882
38.094836 67.795480
-76.026390 -82.904375
73.707099 -81.576622
-56.963463 -88.229837
-89.814016 -82.687980
-70.042558 16.237691
33.444706 -25.947859
43.298858 -38.889964
20.728240 0.784336
94.175018 -53.923115
-86.004741 57.297708
-85.902152 13.225362
-91.435003 93.544148
90.813949 2.941674
-19.787506 -66.357058
-54.413977 -19.147759
-16.650800 -68.917847
-33.057615 47.418988
-9.299529 -67.324948
-17.341423 -40.353804
15.669983 -12.538305
61.948885 68.012961
-23.733433 8.597542
-44.083821 -81.815704
-99.367217 -93.600482
68.080582 -99.388972
-55.347702 89.212685
89.621245 46.908318
6.900795 64.891753
23.565893 -66.778701
14.734674 -4.651708
-52.551588 33.404715
22.393023 -77.790500
17.430549 99.180474
-93.458579 4.581998
69.911335 55.514226
-52.468488 -60.615425
-91.114965 78.639564
-65.600085 -88.240237
-38.860640 56.670830
14.628788 69.139548
32.101298 -63.969999
67.468788 22.131695
-58.986640 94.772815
-36.779734 90.174279
-25.347376 24.728934
63.939274 -2.838490
-9.044467 46.966032
33.186958 -43.930243
67.476450 47.610496
34.707069 62.430373
-97.114337 -41.419499
25.293642 -70.490898
89.624850 50.234055
-66.566564 68.122639
-16.093923 -37.396955
79.595975 72.292794
31.962605 -89.238855
-94.590282 52.763245
49.542318 -15.585321
-49.266426 -49.963258
16.620190 -96.235055
-7.652850 -52.090782
54.738709 90.733760
1.046180 54.863808
1.737702 -24.640476
51.842943 -72.874404
87.020385 -20.388439
46.389667 6.915748
-84.314130 92.241301
-93.689664 -89.283739
56.501974 -26.379480
-80.178990 -22.974917
6.002655 -53.619450
47.735634 55.706399
44.856961 80.326865
35.283253 -38.011481
-85.339883 -51.783795
-13.391739 -36.247098
10.015756 -88.184312
18.653490 -81.271030
26.987910 72.406336
-43.322200 -43.569105
-79.600198 -92.702724
-84.399154 -86.695749
35.417229 -7.970508
49.148784 -5.352604
-96.141826 -94.779378
-88.855695 -33.368663
-0.059666 71.825380
-97.343391 12.921299
93.463940 -4.623504
-39.371389 -93.345035
-88.152061 -0.862002
-88.749982 53.512633
50.146701 8.873345
71.337172 -0.637143
27.884688 -8.101881
70.069495 -28.748310
37.959464 8.198413
74.579353 83.000167
-69.153706 73.811517
-90.372755 -2.834985
-56.474933 50.837159
48.362351 -97.722619
-47.873102 -6.083193
59.459401 13.729160
39.760465 94.036863
7.334334 -98.454542
17.594061 4.933575
-47.090727 -96.120621
46.382129 -85.714183
37.038217 -3.103767
-3.533617 -76.179796
-38.723732 -85.384052
-91.693396 -99.524645
-1.364066 72.451598
50.309090 -89.799349
98.599147 73.382437
-70.089159 40.709309
92.580301 -32.761520
-91.731872 -43.659640
-73.659023 40.129445
50.259738 -10.805247
-80.846823 -87.430243
74.980570 21.386923
-23.886564 -46.862827
-22.685961 -88.014072
-98.901987 -66.456910
32.132421 -49.190046
-48.850579 -7.312720
-33.629779 50.695426
-85.332158 -84.015900
90.594455 40.131934
-65.727564 71.045352
95.314251 -17.000417
68.071717 22.713225
21.457093 95.407387
92.588096 -33.318103
-30.647584 45.316902
-23.343622 42.475766
49.192439 -3.092154
-47.229345 -97.268098
-71.071724 -36.202936
-29.071932 -61.088741
-87.833768 48.130551
38.437372 -36.777642
-89.771938 62.257537
-57.782189 -15.205862
70.561346 36.244854
71.712868 -54.713262
-64.830310 -92.046287
-93.535319 37.221961
-92.070945 10.564875
-33.608831 -9.878762
-36.454852 90.025354
-76.390200 -98.607875
12.788823 -12.719667
-37.862955 -68.013091
94.578312 -75.805356
17.121407 35.234393
-49.284396 83.644778
-85.492202 61.888073
-84.145012 16.483927
93.454391 -86.805838
-98.279248 7.984274
-0.335571 -26.664092
-88.747022 -91.007601
76.251635 86.698539
-64.487658 52.879092
-77.704855 -14.979683
91.983509 58.316333
40.571573 -37.410330
-69.038751 -59.085813
-23.879246 -13.439594
-83.975445 -30.256137
-82.387533 -77.382958
-74.929479 32.615816
-36.639247 2.202558
-74.439268 -97.955195
58.403925 28.148652
32.415253 -42.533249
-41.555491 -89.680712
-51.498208 1.626117
79.583594 -75.071953
-64.822525 36.545389
12.735530 -66.647616
91.690525 -7.465971
71.301007 50.938852
91.010682 -86.400050
73.991003 60.517547
16.090993 -45.079860
87.219706 52.783034
-65.376146 -22.325525
-94.152462 34.574516
-69.957693 29.732926
63.996434 -6.520108
-55.321232 -5.862850
81.009420 -10.752691
79.208330 -91.260474
-44.537176 57.308295
60.004416 97.862009
-31.981270 -75.541686
21.792111 42.429586
81.627529 39.730166
28.631920 68.482684
12.907574 55.297664
51.279846 56.282117
-25.592953 -88.904893
-28.572941 -91.187362
-59.283431 87.270444
42.145485 -41.265124
15.006626 -49.118934
86.860429 -94.629784
-36.542329 -5.283088
13.542245 60.598020
65.020689 22.915328
-73.751910 51.043964
55.315512 -59.708305
48.821130 35.605384
30.052259 -75.669220
31.139036 31.862754
86.868396 -20.279170
0.209330 -86.436598
-6.033267 -50.716359
-79.875358 79.164388
-40.664474 -18.784577
52.560723 -0.163144
-76.390395 -50.573906
-59.012396 15.372285
-46.506058 -25.513105
-1.455902 -64.132619
17.769281 -87.607960
-98.282838 32.389495
4.938834 70.199958
17.148578 -92.935798
-17.595376 22.250071
63.710449 -33.108224
53.046356 -50.058026
-51.154373 -81.928999
23.859418 82.188447
-12.516346 78.741268
-39.560281 74.153018
74.120688 -73.019630
-90.665003 -69.178733
-44.597128 -88.508112
76.687256 98.425493
-40.848432 -20.451741
-39.921506 79.549732
32.143625 70.842320
84.052907 81.407985
93.294211 -86.094851
-88.085553 -85.880051
-15.829942 -70.646264
-9.295876 -25.218832
90.548762 -75.726221
49.400275 -97.433896
58.181371 -24.587383
50.151744 -27.733502
-87.729246 50.951620
-15.661755 -55.872601
41.630328 88.464846
36.523411 -0.463415
-72.349703 99.783504
-69.029747 0.289487
41.123820 87.978528
22.983800 63.236993
-93.080018 -8.882105
54.934089 87.972722
-27.555355 82.413359
86.485105 -44.322254
81.814402 -91.256513
-51.456596 -30.498483
-90.498779 -40.810020
12.465101 33.305984
65.095224 -69.056255
53.426824 -68.949220
3.780565 -51.625052
73.326350 62.423666
43.706669 97.361441
76.807901 57.912782
-25.629921 -87.271268
88.895723 -2.339771
54.003055 -33.682070
-15.306629 -60.811336
-98.906634 52.351348
-9.831655 -98.561329
-98.752345 -88.799377
-78.654209 90.473418
70.326252 -87.328601
-46.504167 78.190001
-61.940866 92.478204
-85.985635 -59.334670
-31.880510 15.448190
-94.695978 -79.902833
-89.864189 95.160177
7.116633 -86.421112
-15.024530 66.662467
12.108190 -25.981429
-50.529876 -10.750159
-32.958617 -14.742510
-94.169320 2.332426
-96.847834 -71.754912
64.324539 -91.783061
60.509898 -34.393983
-96.801917 -18.343907
86.727615 35.191602
58.704192 94.754690
-99.627694 -85.322659
-46.500494 77.026551
-56.696700 -42.832863
96.074620 -91.303260
83.027816 -78.900893
-96.082931 -21.276549
59.772304 -25.734395
-25.443456 -97.748734
-39.546970 6.837326
-96.571934 -11.865972
75.209063 44.890854
-94.581824 -45.738703
-78.145827 46.603482
-92.470755 78.245387
88.786315 -60.035430
3.024920 33.824147
24.669198 -97.858928
86.179966 27.839297
-64.977692 21.385819
-10.390478 46.133642
-85.953015 -14.128749
99.016648 -14.783522
-37.779313 87.742209
-26.327370 25.596281
30.777400 -93.330479
14.851620 -41.827490
92.988993 -61.913401
-60.008524 40.647260
27.564699 33.596577
75.344980 -51.800822
-41.586204 -64.463127
98.563028 -86.907960
-23.048957 59.511179
-44.457241 84.731689
-93.956821 67.866531
-54.864399 -77.031749
76.040766 61.686961
-28.232339 -99.656544
-13.382450 81.686373
-86.674967 16.383995
-78.252413 65.418755
-72.597695 -31.774692
21.006261 46.109801
-68.079157 7.088773
-66.513862 -51.207261
-93.948736 -96.361548
16.467913 57.549191
-78.693518 -0.867754
-15.871797 6.377959
-97.417504 -72.321923
-54.903207 -55.625376
-5.035283 76.846697
-36.214010 9.731723
-95.246648 75.164096
78.017664 45.412759
23.156044 9.590971
-86.038955 -14.167069
21.013461 -33.297774
45.917378 55.671092
-32.820987 30.164141
-52.970005 -78.187091
-23.068470 90.329660
46.948718 19.539315
13.545357 -89.901406
-49.004954 -86.075228
-53.835313 -11.734469
-92.751098 35.500484
63.995225 93.802390
-61.585976 13.287352
-85.817229 -90.874614
74.108171 -39.111939
84.427231 47.587615
-34.113876 78.034136
-61.239380 9.400358
32.243202 -24.435674
24.377647 -35.651220
53.537660 -25.122369
2.140118 -9.109495
-58.776109 71.896289
-48.738933 -87.441595
-95.557727 1.728810
-2.199680 -53.518492
-89.279438 -25.732348
-30.196274 96.719988
38.914025 -66.480325
-61.579718 -76.209690
-80.062710 -82.533736
-73.206008 65.357045
-71.363343 15.306311
75.312377 44.709848
-48.121227 -78.016244
-25.232669 -13.798666
-83.798239 22.839820
-41.046094 -4.674021
-87.216341 -71.822436
62.014981 -4.824665
-80.206264 40.993092
76.354908 19.158162
-18.912648 -69.468744
66.785305 -98.876924
-17.808073 -46.282939
52.655288 -22.400684
97.430702 -88.157234
-68.501765 -94.730334
-24.570642 7.764991
73.744265 -86.314021
98.848232 -96.283314
11.688428 -49.809333
-50.165800 87.939680
-53.227682 -28.474921
67.730959 53.494336
-78.218039 68.755245
53.436867 66.036620
93.339437 -98.975240
36.563775 -33.208095
-42.231800 15.154501
21.978699 -64.941558
-34.231470 -22.632980
-92.595360 -10.880097
-57.056278 -97.684850
-42.628494 -56.557519
-86.003825 -5.771268
15.543336 36.957367
6.371865 32.888530
32.382524 85.030128
-42.353190 -90.526862
-24.675968 -53.344309
72.852080 -92.780021
-19.330697 18.559132
67.619419 -20.570167
-97.261487 38.156363
-2.859060 69.079659
89.928639 60.825636
-61.805508 -47.962858
46.526596 -39.238901
-87.104708 98.837688
47.679817 32.454315
53.878898 -87.381188
-3.992115 -98.977413
-62.557592 88.757232
-65.573351 36.338260
90.963698 62.317342
-43.572713 72.792485
91.206752 -8.121330
-71.592041 -52.365452
-89.294157 -21.400623
97.832624 -7.610019
2.453914 -43.700414
10.295647 -22.557345
-91.709015 37.927582
30.348059 -98.654241
-99.514588 29.853165
97.461568 -51.928671
73.312664 46.769306
12.117261 41.583668
-94.385394 79.633267
-36.602256 71.465357
-90.728844 20.049576
9.769480 -69.299303
89.665536 -73.850110
16.175908 9.704416
70.947841 -99.382818
47.408579 -0.632451
-86.606838 -92.926876
-70.537275 82.952790
-78.223104 49.220587
-88.682357 7.595495
72.233839 -62.287673
65.198218 -99.564732
30.127924 22.967472
-71.588021 37.950844
60.016496 74.714203
-95.382464 -2.096742
-58.547770 65.300651
26.737951 -14.488817
73.686915 6.078030
41.399889 39.107399
30.379332 25.470704
84.442350 -93.184904
-67.245845 44.298039
-98.826049 23.773498
-83.016180 -92.507755
63.960636 -60.645545
57.789418 -27.866453
16.745408 -7.699409
-95.755092 4.364926
-68.477660 6.318366
-98.624267 35.843085
21.291760 -54.753310
-35.196543 -41.421173
6.061455 -49.231712
-58.657917 5.598040
-91.132284 -22.463319
22.587979 -30.007904
19.767705 99.349223
29.700002 -46.005367
27.573784 -16.806848
-60.356247 71.169899
-88.764526 -91.927044
23.652245 -39.241471
-89.441616 4.299209
-61.247743 46.758761
-99.275883 -44.513356
-6.444386 32.210929
-86.509492 -64.277249
78.730814 -2.749827
53.856037 76.854502
-87.162112 20.754311
60.238115 88.801440
-40.889016 43.665543
-13.659042 -4.754894
7.032726 -26.190964
-37.580591 37.125940
-71.905157 32.332908
-1.816177 -41.133559
28.974448 53.305647
27.247705 39.205239
-71.687987 98.552231
-21.564716 1.623718
37.270685 25.667334
88.638396 98.939275
60.511180 -58.170496
-45.878251 77.320723
-99.019220 40.223604
-29.184720 99.866156
73.536009 33.839578
9.744240 -20.906869
4.418707 -95.490086
52.080721 -60.616835
-71.944021 34.666802
-8.017000 -96.834435
25.520864 77.396942
-89.453535 92.392403
-69.251928 0.780955
73.408683 -61.185600
-3.602651 85.396762
-97.433026 27.639735
9.557085 89.682887
27.716447 -12.192370
81.752174 -54.684948
82.231720 59.804748
62.645336 49.972171
8.198605 -86.599541
54.150143 83.736845
-93.917085 -19.392281
92.613674 -0.252331
37.681224 30.330867
72.417409 -31.971361
11.555389 51.879901
-88.754592 -83.396894
-71.950820 97.968539
-43.085104 -41.493000
47.985261 66.154117
-82.112783 -13.416671
58.633627 -48.663361
-32.015264 -60.559326
84.559655 -89.676492
-54.708629 94.166772
7.279634 -76.196658
81.164713 97.510129
-99.707384 -85.389096
38.003192 -43.500431
-27.027810 -92.425878
-93.299784 -17.713260
-96.508807 -86.945437
-57.643378 -98.197331
51.122727 58.402922
-87.823203 -71.069124
-89.804676 21.980814
99.655918 -70.109659
-61.752476 3.561533
-20.147454 -96.090397
-10.052026 -84.781494
62.481832 61.159201
-74.791620 -97.720546
-96.993752 68.727533
29.486657 32.042169
-82.688950 41.240401
-42.340967 9.481289
16.985375 55.180577
66.951330 -6.580791
-10.720206 -95.210551
-14.959260 -63.675090
-96.063089 -41.488566
-3.358562 24.727659
-97.330450 -90.377977
94.790175 72.761917
15.439905 42.133858
-82.067144 16.209141
3.592052 -46.966752
2.302234 3.942115
88.818199 12.912640
54.776742 86.706260
-9.008609 68.178626
44.151048 -67.226019
-74.439345 14.325638
30.927082 73.618859
-90.174285 -18.659119
23.814254 -44.749490
-44.967671 -98.302122
77.896966 96.602091
70.546417 -35.849016
-9.867467 -20.150236
80.211849 20.680761
95.418109 47.614413
-90.376804 94.001801
-57.959561 76.543567
26.680438 52.943557
0.429879 -60.224445
-17.346339 -41.135880
-37.219145 -33.220033
-93.693112 9.446851
76.015902 41.653051
98.669533 79.886429
-75.396948 16.625608
-78.047834 -64.918380
31.916007 -62.258575
-48.894012 -87.027610
52.513187 82.581747
72.239571 42.968885
-2.285522 -48.859384
-30.055953 56.691243
-15.246508 75.223345
71.001157 -10.391390
12.829071 -10.719762
-61.996360 -43.011034
-19.300442 93.465941
-89.017640 82.908068
-54.062221 -92.329914
-15.848476 41.442055
-18.581835 -85.464982
-1.943552 -86.875031
58.755548 -0.150170
73.224756 -5.521488
-41.435438 -12.878524
-3.018443 -9.705745
66.474137 -9.409629
-74.444233 -49.460118
48.649341 62.455840
39.330743 -54.207542
-83.778336 96.386132
10.147504 -15.877301
42.981588 -27.310841
-1.267356 -45.042851
-78.703282 -55.065754
-39.072825 29.185590
-48.593729 -20.124518
54.576100 12.380016
36.369686 -16.955037
-0.555661 13.416152
-78.242778 51.251837
-32.742638 66.088551
-8.263465 -92.316921
-4.669579 -7.580804
-55.438246 -6.632521
71.329023 -62.994422
71.745579 14.911092
30.049220 69.195932
-12.699019 15.880275
-93.425786 97.441569
-39.438929 -21.684019
-98.424697 98.881359
-86.143749 6.731813
70.129335 87.335286
-49.919849 -90.446079
43.919081 37.654648
48.207214 95.858589
-11.487635 -63.100566
0.412033 -78.010625
90.772445 77.038788
20.201961 -69.541129
-15.447062 86.145736
88.926012 35.491459
-63.953061 -80.943951
-26.539126 97.651463
-91.592436 15.873929
-85.148779 95.834492
-58.209295 -15.796089
55.398404 -88.734504
-84.046368 99.801055
-92.694997 -91.022015
-16.067589 42.470287
-92.820670 49.227890
-41.156028 20.900395
-2.698446 19.454092
16.005538 -8.239701
86.403730 43.585143
-81.318024 -20.747107
-85.886804 -88.061466
-11.385534 -7.895822
53.883665 -14.772394
-44.022130 -32.659766
-42.629219 78.128243
-16.390397 -44.320956
25.818330 87.554790
0.137721 -95.740703
63.902008 3.537697
-81.109693 -89.532334
34.260131 -52.979921
98.439370 -15.354351
-5.446014 19.647866
-87.975690 60.776958
61.381563 -34.230164
-94.004771 -46.053033
-28.399645 -65.091681
-88.658414 -4.818851
-41.117685 -17.328268
-91.569294 -98.414929
-60.759869 27.964799
-22.511732 -38.276885
11.752880 51.774287
-20.816177 -93.241171
-87.446030 -91.894364
55.559822 2.168153
-1.285590 -67.756538
90.634497 31.553769
-88.287937 79.018800
-31.782796 71.463508
-29.269302 81.596783
86.159076 25.751542
22.486086 72.947371
-35.311003 -42.775872
-44.359303 71.963641
-97.217452 31.488671
33.669437 -59.282119
-4.014145 58.113560
92.484382 12.730950
46.432302 -82.463470
68.059685 30.167086
63.863312 14.937816
-93.335234 40.551827
-59.118719 42.933886
-68.552394 31.905556
-74.427724 -81.457335
-52.618765 24.096077
61.995201 -97.190535
91.043952 -27.513741
87.007957 14.531355
-10.799527 -87.052519
-1.814477 -93.224038
91.765974 -80.844947
4.287335 -21.488184
25.159514 86.605925
73.133745 -57.352229
-21.110369 -85.941415
-64.160876 -90.708529
-28.424789 -14.503929
-23.245801 7.456210
2.780415 34.736576
2.955038 33.594947
16.948072 -36.883705
-26.843121 -14.097490
-91.091412 31.535503
-90.717906 -18.682156
-88.009402 -82.932984
-38.853721 -15.453946
72.011203 -41.349961
74.945312 -6.543209
-96.204139 67.464364
37.893257 36.554863
59.849157 -47.476390
-14.391166 -17.411369
84.819979 17.452131
-11.043184 21.178237
-91.604580 -78.149478
-88.116968 96.594702
97.632604 -38.835403
66.697778 12.663701
-99.659550 -88.699751
-30.163548 -6.111611
54.330585 -41.072136
50.797285 -14.940086
40.254210 -52.764856
-41.577394 51.351736
85.540100 71.480858
26.696683 -53.640959
-25.856002 -95.352939
-9.511360 -4.649334
30.418782 64.712717
90.315244 72.757069
-17.429391 64.430754
56.473404 -90.354621
0.268599 -26.645698
52.780997 -16.131744
41.193054 -34.447521
-70.861718 81.186707
83.384646 20.490166
4.161567 -49.331712
-45.030097 95.025902
-57.986368 -6.754621
49.681112 -92.537628
18.142575 -44.000316
-78.168860 -51.562844
49.864858 30.201832
-85.545103 -51.836411
71.533048 43.508393
22.713063 82.067570
-37.021048 -32.517199
72.567288 62.186017
-36.275051 22.400834
-73.737106 99.703110
-74.461159 -49.966028
-70.534260 -23.653566
95.133065 31.109210
96.749178 75.299701
-9.109746 -17.717216
-31.892615 76.854793
98.223332 27.306732
-4.386954 42.978799
-58.972527 62.392203
-49.568342 25.600741
45.442893 -77.884478
-66.363191 -83.539292
65.013554 -98.332176
-89.379373 -31.968749
-60.836753 -70.956790
-83.338327 52.815080
4.743908 58.850969
74.499550 23.198620
60.715146 53.998169
-5.416679 98.191735
-37.103969 74.254491
-79.918412 -11.541470
30.802248 14.749049
-33.936920 -18.991089
-21.875726 -40.195777
29.723298 -96.838432
17.483603 19.351552
-57.774005 46.161155
59.333278 -22.534246
76.868551 -31.874131
11.427409 41.421852
51.385106 -99.203976
-94.888704 -85.528023
34.037565 35.658898
-39.940063 -45.675165
-70.930216 51.708097
37.944640 2.821940
92.253678 -41.538717
-98.141386 94.885278
-74.129401 -93.122865
-61.554756 -87.563669
-63.689790 -61.377597
-99.492499 -90.835460
-46.718458 -16.608418
-35.176704 26.430895
-47.325688 17.602850
-94.584208 -54.423277
47.352231 41.676124
57.604971 -68.914204
75.263657 -4.325700
-40.319360 -10.798575
73.418730 -68.764384
73.859979 38.510930
-80.332555 -4.336539
-95.260652 -92.537868
75.099141 13.326949
-78.603640 2.919336
-8.936646 -47.104780
85.191942 72.843958
-21.034552 -8.032281
-92.276698 -71.423082
-99.528709 -35.798670
38.691891 -20.865708
-56.460901 -92.855863
15.324556 74.500503
-71.515768 -7.407743
-96.045193 93.604503
64.002178 54.277113
35.827019 -85.010546
18.449915 1.497846
-89.298412 58.515323
76.960995 44.688335
-81.010242 -8.245052
-22.023771 88.994881
84.369588 -86.178514
-75.934474 13.582750
-93.101195 -99.283686
-98.377259 -22.210454
-49.077915 -57.123666
-98.922922 -90.027946
23.969278 -70.578725
75.611866 8.366356
-40.591254 95.162665
74.043398 -13.264204
-3.595083 -97.203582
38.380136 -15.222047
-86.933960 -26.956799
-83.241771 8.466240
30.644523 -38.419472
3.158327 -46.901900
-96.494523 -86.606849
15.498692 97.310595
88.602605 52.339824
-81.437957 -93.873706
89.133831 -40.305940
-85.250447 81.848633
21.896946 61.643082
32.230814 -82.404337
-29.566887 -71.134421
-45.363439 46.107934
-79.214801 -49.678035
-48.640299 61.684929
-46.380674 42.339665
-98.051777 34.261946
33.644084 -97.618590
65.358063 -97.045001
40.670803 60.242266
-56.689051 -29.884265
42.223144 -43.958939
-37.863928 -80.939849
-51.212264 45.091395
-39.589959 6.055690
54.826448 70.626020
65.492182 -83.011317
-96.465442 66.554169
93.753301 13.038543
96.268831 -86.636809
51.399643 26.277373
55.178881 -93.861677
17.839600 -70.452369
27.394419 67.304779
55.949671 -25.780640
-98.675952 50.406669
-65.607002 -89.450843
-91.244966 -63.960534
-49.434117 79.091724
-8.360038 -92.769155
62.338656 -41.492587
61.089380 92.674883
-94.284518 95.886294
-11.631519 13.734481
-86.989281 -9.711366
58.557164 -89.153723
95.659745 -5.263572
74.246926 -44.247264
-72.355353 38.672939
3.927323 46.349075
-26.338095 95.177343
13.020030 72.569675
-91.699321 30.826978
92.315419 -5.568062
-90.579500 -88.129629
-72.113627 -53.118922
-62.597990 -92.249636
86.424289 -58.008422
34.819845 6.758460
6.183341 27.512181
15.122262 -26.761515
94.951163 42.774092
-51.332582 -24.124387
-10.571433 45.645215
46.155608 -45.618654
62.642221 -92.609812
-75.382635 86.734367
-48.259839 8.027310
47.699258 -5.228518
-95.584711 25.947741
-28.337210 -90.639339
4.560978 -98.318329
54.112205 -70.294716
69.156219 -30.364184
-31.623582 -46.305578
1.376347 42.883492
36.440288 64.649104
-44.099455 28.085923
11.807878 85.869520
-98.541987 -77.083007
36.597877 21.022497
-19.177457 55.168368
-92.442087 91.905293
45.045812 60.204700
86.866727 -55.924148
-6.589670 32.677220
-51.853819 26.689019
-68.153462 -12.856900
-85.386297 -7.100927
55.004055 -10.216709
-26.463693 -81.352232
-74.281107 -97.800841
-64.553744 45.165511
-71.293724 -77.453901
-65.139829 -95.958511
-40.556359 86.236156
99.021886 46.075125
72.616077 -71.911009
28.586486 -68.391351
83.640548 -89.595576
23.236379 -72.192544
56.063166 -90.650359
-28.192675 -88.398864
-43.222940 -88.585233
-12.614162 -41.482785
-17.680943 -75.970247
-4.619504 -9.034072
53.091809 -74.286404
-7.275488 17.542162
-21.440119 -95.938848
-95.525744 -23.950266
78.868024 67.968680
-88.624818 -55.601302
-99.429003 -69.114247
71.716243 -36.398892
-34.391330 -67.432014
-23.681823 -97.579050
-88.754139 87.538969
68.241462 -95.511821
4.283669 75.271892
-10.658905 9.848081
-88.431526 16.034518
86.324832 -62.132768
-94.230241 -14.732277
-47.972189 -22.821006
-36.734402 -15.803809
-0.087198 95.972515
8.839539 -62.694420
58.986046 -47.037875
-6.429651 -68.552348
-71.685136 8.801196
-88.849529 52.210292
-41.706220 87.493523
70.462850 32.503955
-59.085273 -87.943471
-93.347992 1.605687
-40.531366 8.050943
-48.399718 -27.361584
-23.324278 63.427814
-27.618060 1.115954
93.940499 26.804250
62.763318 -59.168465
-21.664410 -49.512305
50.098949 85.573525
34.543834 -13.375124
-85.824588 -94.981791
26.594726 -4.524589
33.085510 28.537588
88.692813 39.479832
-47.413803 -38.923245
44.905983 45.213731
-25.928610 -94.060264
44.151455 -78.327640
-22.383012 37.520425
-66.376410 -79.869253
-10.055176 15.609035
-52.559249 -52.910839
-79.864872 29.751172
-80.994709 -22.087928
-33.503558 -62.248798
23.363721 67.627154
-23.485685 -65.771768
43.201360 -40.722462
-92.617905 -42.418843
-49.806350 7.440690
98.610514 -17.284662
83.668259 -18.804348
68.311083 -88.841301
67.650015 41.387992
-86.771960 -82.491732
-97.796452 26.793975
17.597432 -36.243703
7.880939 55.529997
-69.963485 -15.363797
8.578415 79.652215
58.766226 99.887431
-96.600193 -89.184679
-42.122958 -5.665650
-23.129927 43.235545
76.343406 42.772680
91.822648 -66.924166
97.911134 99.523155
82.803348 89.850867
99.573505 32.773052
-38.387945 -93.765437
18.881028 71.022734
-65.148897 -64.105983
7.117711 -97.362812
18.987603 -81.989697
-49.702070 75.992764
-88.424179 49.792934
90.765043 -3.032547
89.457441 -76.325335
-42.323876 -46.780993
-66.289643 68.254852
-98.797508 -49.327075
96.238519 80.214102
76.740859 -8.512339
-39.474248 4.202915
-99.862252 -35.796507
-20.238007 21.622992
18.191951 -9.856818
-23.372421 -48.473331
17.638127 -62.229135
46.609832 66.794374
-53.895653 37.515065
-14.849263 4.508823
-66.256521 20.304831
29.993993 65.290086
-32.069751 0.880642
-87.535926 -37.391491
-75.737464 99.435721
82.997103 -38.941497
53.978304 90.189375
-42.860247 -91.144709
-5.071619 -64.297691
53.760680 -73.390338
-43.126857 -81.431751
79.955376 55.632410
0.916966 -58.995197
49.222531 67.772308
-9.985079 -75.032570
-76.685804 -47.393155
-4.196629 24.368427
-74.913890 -86.317089
88.051948 5.195145
19.247270 -23.301333
-63.759792 -59.113421
64.253843 54.173133
-58.878647 75.609199
-9.113933 36.818427
30.985967 70.154161
7.862016 -88.155979
-11.982328 -7.410378
-24.852545 -91.918397
16.112908 47.322118
92.681343 23.698564
47.221178 -98.498522
-87.283842 10.268144
-66.585828 -29.018372
82.145299 27.911826
95.318098 -58.580857
38.066548 38.798375
49.948513 -92.078859
-55.209998 86.509364
-28.222674 -50.155971
87.333718 -42.052548
-81.500181 -46.394438
-11.570658 -54.114266
-57.410493 26.415760
-70.631974 -79.675438
14.964578 84.351405
-79.280640 -70.026922
-24.472646 22.920854
-11.612696 -28.442126
-60.050986 -70.638338
57.035879 0.733415
89.147784 -93.074742
75.018294 -30.180392
56.110677 52.371471
-48.470954 -92.858884
57.463767 37.106755
-50.044602 -65.250471
-95.509162 -76.317016
34.484585 -95.364117
-26.331391 -58.377245
-97.573221 -33.059305
56.630657 -12.930771
28.669294 -95.914436
-45.126658 22.873893
-48.267490 -47.349374
-98.625921 76.067173
-57.572453 -38.251042
61.559694 47.486495
-85.877781 -87.216220
67.539705 -22.356966
-10.754316 57.774682
2.304373 -89.989349
33.823414 -77.662026
-86.103298 -4.109649
77.662381 -72.842593
-87.741732 -18.123526
-97.479318 29.903248
92.875984 12.587806
-54.484126 -88.067325
57.831402 -42.848865
81.994785 -37.640082
-33.169485 50.831767
-61.609604 -66.807895
-88.046749 60.455813
90.951775 -96.661878
89.694081 -20.213225
70.115019 -12.522574
-67.454608 -92.496137
42.403903 -16.786603
-20.990391 78.396723
-57.783369 -81.145330
-88.581217 68.753007
-81.076616 -16.188712
-31.915338 95.903360
-48.136893 56.281977
34.818484 -11.102358
-78.394793 -97.888025
51.774678 30.220641
-77.121475 44.644475
17.631548 -93.638864
-39.963501 84.510604
20.651550 47.479455
98.931420 52.690898
81.807253 -12.535593
1.285551 72.489116
24.747575 -28.029233
-10.727852 48.267678
16.882150 16.447708
-10.658312 25.353658
63.524811 64.618272
6.179344 -67.486256
-41.580045 -40.824749
-20.683379 -4.524766
-94.671947 83.437916
95.942366 -96.388983
92.722712 97.297235
56.982612 62.458281
80.605854 62.030206
87.843775 87.753760
-67.902340 88.833878
43.431223 37.910821
83.415906 14.245507
43.095941 -38.179555
-47.755293 -38.721522
58.804153 29.142532
8.838723 68.477132
-40.421584 58.137352
8.556047 31.109364
12.282255 -70.872444
42.966661 -42.415172
-93.941052 24.951199
-85.470167 -35.691590
-48.971307 -19.790880
-47.100517 12.102684
-58.340439 34.352642
-68.214592 -15.767897
-20.331865 49.366408
79.926064 5.996161
35.316091 57.549705
-22.032848 -67.824073
-34.988973 -22.855395
-29.466952 -64.898020
-14.722960 -0.957099
43.037551 45.761818
99.777886 -73.369176
13.805431 -63.399245
-17.231119 45.620822
-32.302581 19.489433
-36.960849 88.158720
72.467989 -6.245615
-97.988711 -58.425427
-7.631621 -2.128030
-57.040849 -45.411540
46.589908 70.100837
4.941419 -18.120527
32.394189 65.457957
82.507258 -41.318909
7.753360 28.953002
-65.624060 72.739767
27.069098 -48.451029
-1.049812 -95.853478
-96.169793 -17.677808
-10.722102 80.492462
73.760547 23.361673
91.755849 99.838318
-92.087951 -4.337928
44.222812 -34.152007
-82.023176 -82.891435
-41.107043 -76.554785
-91.687653 7.360967
98.354926 -81.895328
-53.490554 -39.421890
34.231623 -44.274760
72.257944 -37.076464
-19.895062 59.866413
33.190185 18.970407
3.823304 41.017652
-93.612091 -50.801660
-89.085718 -62.955147
-97.378089 58.549387
13.804655 50.895146
-91.090972 -86.129865
-4.808615 -58.488435
49.598802 66.141670
-54.329051 18.430727
-87.852949 -59.358451
-74.937852 -57.873615
88.128143 -31.417009
-20.019295 57.617928
8.457116 -98.526233
-26.435242 63.183851
26.598891 -18.286220
86.285718 68.154064
-92.535622 13.820610
55.096093 -40.372362
46.313307 -99.697353
-57.337310 84.363725
-70.695315 -92.441395
74.446632 25.006837
-23.370693 17.591113
-71.105081 -20.076944
-16.994517 -99.785468
60.942817 22.504278
73.485544 -96.312386
-27.823097 31.577484
-17.155581 57.490480
87.972117 78.072356
79.867478 -89.701665
-89.128604 -20.372538
56.187653 30.638208
-22.318903 -44.287002
4.240713 16.510454
-15.534341 21.142924
18.782937 -97.731396
79.415294 50.665919
40.049845 95.669783
41.508072 85.158068
-61.542309 -35.254303
-99.232791 20.397623
55.681271 -97.816334
-44.118458 -33.068321
54.571981 -19.301398
-40.300965 -7.448872
-56.580552 -76.349745
49.481932 -93.645750
53.272281 -38.499269
-13.919199 54.921873
-31.564077 -2.835310
-76.812600 4.254156
60.692827 86.683445
-85.114816 -39.818006
43.997221 87.732764
94.357282 74.520377
-81.843052 -20.770859
20.395397 -95.647022
80.414550 -6.978582
-16.476423 60.395571
-39.343724 -86.538013
-23.295962 16.748807
-95.431127 -92.956297
-18.620007 27.664324
77.336478 90.334453
65.636595 64.719888
38.298362 -89.852199
79.698874 69.351207
60.473177 -87.391021
22.515029 17.383901
-85.301980 -96.761971
5.650499 10.497484
-45.611100 51.814266
29.352577 -34.967101
86.043192 97.763853
0.164331 -28.180139
-25.028418 5.518669
-9.905595 38.678039
-71.492720 8.881930
93.202432 74.467531
-0.382280 -50.507757
94.276364 -85.272016
-8.875433 -54.541774
23.251769 -70.028131
-83.785157 12.960508
92.337725 -50.790095
56.315264 -70.446232
15.718218 62.957627
-27.895671 -16.717154
74.015196 -43.764422
-96.455728 30.612879
58.213098 -87.338580
49.295844 84.490689
-41.661513 53.732208
87.780718 70.207112
34.754510 40.835578
13.456374 37.674953
57.334941 12.418342
-73.692592 -29.015038
74.697387 51.246997
62.846822 54.285693
-78.213435 19.488845
-4.931015 -94.371871
42.774942 79.653047
3.575775 -88.732096
-21.349737 -46.118240
-99.266991 -72.120159
-97.255691 -71.983970
28.019720 85.348059
-52.701521 -50.082596
-81.896357 39.435607
-7.340031 42.943057
-9.896976 -98.035843
47.501685 -97.859396
50.620493 -38.028469
18.042333 -68.020876
-31.023653 25.274402
59.881351 -44.821353
-50.155647 -10.673978
-87.597199 15.703618
-26.265641 21.789741
-95.637070 -73.508210
-91.406967 33.250271
-28.561445 44.088926
77.649857 50.467737
-84.550714 -62.624623
-78.487719 -27.661705
46.194587 89.610039
-91.830668 -3.171281
50.098323 -23.361752
33.986175 1.048741
-40.597349 37.292552
69.525862 21.964473
89.293902 20.088489
46.874509 -95.133111
-71.918959 -66.396606
-85.121166 52.501041
60.691501 -49.987375
80.217411 53.538786
38.821119 -94.017556
42.590019 -85.160606
-71.366556 -95.887782
63.204710 32.086454
-47.481855 82.269303
68.369844 -86.430906
-56.934152 -19.752190
83.178063 63.473219
-87.751091 80.731626
47.857517 33.032666
-85.187966 -58.823702
90.309365 69.076331
-55.131138 3.214057
-33.330972 4.157364
-5.994130 -7.035391
31.821748 17.695657
-72.136451 -74.866206
89.346857 -64.437860
-54.667588 60.256568
-13.750091 59.709152
5.635124 29.721259
19.826045 91.925442
-73.525649 -79.532317
82.847214 17.127411
-61.521730 97.950132
-90.602972 -60.218438
-21.905526 -17.735643
-8.366304 -52.786902
80.980765 72.294405
-53.338119 -0.336971
-56.691698 -83.466771
-83.487781 62.025678
13.084578 -23.838298
62.311025 47.632200
31.395276 79.072708
85.323029 3.622747
-37.288140 48.140501
63.265591 -91.537042
93.006636 -73.107406
25.045085 51.996647
81.051477 17.214566
-18.274575 -54.357160
-30.819330 85.039298
-15.525515 -29.155398
-67.478186 95.951202
-5.469673 54.528513
54.981801 -96.006252
-5.263585 0.730757
-82.570465 41.019756
-86.752636 78.658508
-69.444867 -44.032872
3.493048 -80.395327
-96.988980 -68.388160
-37.428563 17.637402
-1.486083 21.743088
9.151439 35.989587
1.865696 88.933631
55.539720 -68.100581
-99.754274 83.846336
-19.670388 34.706665
61.925391 -78.050201
-72.181800 76.903218
-61.448439 31.266908
-9.896218 -29.884314
15.443370 -5.706087
-83.956743 -36.362713
-76.597120 8.422989
-79.300143 -29.186900
13.176012 11.038572
18.445023 -3.966371
-49.579193 -94.850071
27.204625 -55.669910
-85.615062 26.632013
28.943874 -98.010468
-94.445474 -79.621345
-1.915750 -73.845629
65.296558 -65.106310
-99.066308 82.304174
-44.877265 52.150904
-51.673348 -0.862708
-69.928588 32.705787
22.470097 -40.319244
-31.580022 17.091863
-90.510496 -1.716350
-57.007567 80.492403
-5.237246 -87.144239
-65.957520 28.817283
-36.131191 74.410438
-75.248537 80.711862
-92.623291 -92.274418
-46.949813 73.187245
-50.783381 -30.619051
75.591629 -17.464881
-98.056432 -21.112665
-71.031114 42.573034
22.491542 9.345450
35.845502 30.834783
76.911986 1.758924
-83.292851 84.734760
-64.926823 -49.567319
93.845500 41.412667
-22.496083 -99.549884
42.081402 92.856255
25.911043 -28.022579
31.680920 -35.295583
18.399595 -17.996788
-8.240937 54.507881
67.373361 -48.238856
-96.355630 19.987404
-99.989062 -3.088455
6.466460 -28.939805
43.582079 29.690432
-44.282476 -29.345852
31.140317 -82.493061
-58.505782 -8.016408
69.983816 97.785992
7 471 1015 -95.234763 -54.719825
7 247 601 -88.187717 -70.994726
1 966 1343 -17.240519 19.088234
3 528 1890 -86.466870 -87.320364 1.001676
6 72 1334
3 1367 1710 -91.382836 56.354288 0.986645
6 949 1215
6 87 545
3 280 638 -6.622409 -98.112518 0.988613
1 377 1363 64.466303 -60.174486
3 428 1450 53.286764 79.609489 0.983370
7 1185 1461 -15.684121 -74.659797
3 842 1788 -8.272939 20.138503 0.987061
1 756 1669 42.184864 72.480950
3 656 1968 92.319097 -47.010393 0.982853
3 1853 1993 -55.397252 2.038757 1.008742
7 81 1669 69.839911 36.732003
6 560 790
6 172 974
7 1299 1335 -57.774356 31.039052
3 509 1797 70.870114 28.920772 1.008506
6 878 1554
6 249 1936
1 492 760 -54.730678 -77.960219
1 275 1625 39.582277 93.024806
3 297 575 -35.082929 -78.682266 0.982395
1 1349 1579 -41.035380 -77.940408
7 324 1995 45.325863 -90.664199
1 909 1942 65.818589 -94.840285
6 1155 1230
1 441 651 3.677593 89.512362
7 1224 1533 96.558135 93.910100
6 936 1329
1 1036 1144 -46.417511 -14.859669
3 163 1616 -39.075998 -96.030654 1.001065
3 1417 1476 -52.147660 76.351317 1.004670
7 114 1256 -86.338657 94.658221
6 653 1840
1 539 899 10.056484 -47.987036
7 81 390 44.739798 15.514960
3 101 490 94.804538 -42.281983 0.987108
1 416 869 -57.328105 -38.195048
1 865 1586 18.627157 -18.933103
3 61 723 33.231142 -43.551794 0.980369
1 98 1891 96.552646 52.388985
6 757 1744
6 961 1081
1 437 854 52.645965 80.768145
7 228 1018 -82.076756 -16.721061
6 969 1876
6 184 704
1 254 828 51.803332 -98.116105
6 199 1577
7 1061 1433 8.955801 -67.270676
3 300 1074 -39.297440 -2.952933 0.981420
1 94 460 79.908061 73.421490
3 13 340 -0.690362 50.887971 0.984353
3 929 1910 -94.450545 -83.328838 1.005153
6 1509 1763
3 71 528 90.426437 -71.688801 0.984037
7 691 1781 -46.270287 21.050782
7 1082 1276 -64.400230 -96.143430
6 1036 1349
1 883 1024 3.754477 -65.254741
3 171 1133 -11.277622 -92.901840 1.005482
3 22 1874 50.205876 -73.221026 0.999827
6 572 1391
3 1124 1168 -0.576338 29.425900 1.000560
6 1552 1784
3 247 1122 94.903397 4.651771 0.984560
3 256 1905 85.751915 66.289916 0.982527
6 350 1917
7 438 1994 83.656259 -26.562407
6 908 1088
3 1411 1918 -91.260674 -24.268676 0.995636
7 694 1564 -91.955853 26.161380
6 570 683
7 733 1380 -17.730264 15.065480
7 658 996 -80.204291 -95.581252
1 1416 1462 69.626333 33.838304
7 434 1646 15.435184 -75.917982
7 142 646 -76.480630 -53.583093
3 1443 1535 47.131678 -25.998126 0.987712
6 815 1663
3 493 562 -32.761624 89.654804 0.999073
3 746 851 53.029325 63.877269 0.990198
7 73 630 61.919281 -72.092873
3 1737 1953 91.102310 27.899655 1.000740
6 1047 1639
3 109 606 -65.654151 31.630959 1.003765
6 450 1218
6 44 161
1 756 1113 85.324762 -33.917445
6 844 958
3 1488 1637 -91.257648 -63.850844 0.988633
3 815 1011 61.110585 92.832346 0.987926
6 353 1593
7 609 1472 -73.379007 38.611835
3 834 920 -25.789952 -74.150468 0.987850
6 344 1188
1 916 1091 -60.275305 53.527142
7 1135 1637 37.094264 -25.581620
3 1871 1917 -12.310418 -28.222594 0.993722
3 843 1482 -23.225445 33.662188 0.985836
6 801 968
3 953 1680 -26.690696 8.616565 0.984263
7 1489 1738 -11.721104 -2.847864
6 911 1678
3 395 550 32.079273 70.884751 0.981615
6 483 587
1 741 1303 29.971222 3.117081
1 9 1517 98.458859 10.141730
6 652 1808
7 1588 1820 -89.124169 14.675970
7 1334 1712 -37.748652 88.221642
6 1157 1501
7 822 1690 76.968669 59.297560
3 933 1025 -85.686920 27.527393 0.996733
6 441 1338
7 16 1218 -78.684625 14.026369
6 162 449
7 52 706 -45.777054 -96.943270
3 586 719 15.382887 -94.360875 0.988849
7 775 1089 82.373088 -66.546185
6 301 1824
1 335 1750 -10.980129 -15.416197
6 770 1053
3 510 665 91.349044 -54.225693 0.986887
3 183 1607 -21.846482 41.170098 0.992808
1 153 1137 1.428683 -70.528612
1 102 1599 4.994841 -28.835047
6 730 1535
1 55 1322 65.023090 61.892702
1 435 1552 -4.029944 -35.241529
1 755 1282 -96.149551 -89.853997
3 432 1907 44.342809 -52.253236 0.984268
7 321 551 -70.723878 5.819801
1 87 1688 -82.761273 -71.668314
3 29 443 -63.890036 -66.247701 1.000630
1 1092 1325 -64.894786 62.684655
6 446 1629
7 1043 1066 -23.640967 -0.897102
3 900 1520 57.155679 18.520430 1.000091
3 319 1689 39.221756 4.496663 0.981436
7 148 1508 15.263744 8.829012
1 978 1871 20.107135 -25.321720
1 462 1623 -64.521019 3.157558
1 76 1882 63.320407 5.990481
3 480 1636 -53.913420 43.317003 0.990238
3 521 658 -56.549104 52.647862 0.983466
7 224 365 -50.122266 29.348091
7 8 1316 -64.823432 -95.654927
3 668 1838 -15.184917 -43.427536 1.004967
3 1084 1437 -34.708870 97.326955 0.981583
1 922 1853 73.413537 94.163166
6 1272 1320
6 987 1515
6 947 1454
6 373 1222
1 1952 1966 -8.884355 -51.721868
7 393 1179 9.673496 -86.497169
7 1059 1202 75.338431 -71.168926
1 1246 1446 24.054661 94.115805
7 1382 1931 52.994521 24.685568
7 154 1518 87.351290 -66.453674
7 1312 1781 -32.517835 91.251064
1 90 1389 -60.272134 97.361865
3 1170 1269 73.093839 75.268057 1.004803
1 532 1352 75.558883 -95.742589
7 852 1682 53.443089 32.023825
1 549 672 -71.213097 49.045356
1 584 1843 -94.292970 -21.679015
1 766 1409 -78.457159 -16.345703
1 705 1726 -40.362794 -65.335852
1 91 1733 78.074954 -38.445325
6 836 1190
3 840 1053 -54.018760 -48.371711 0.984508
7 1213 1874 -53.632822 -43.282765
3 323 841 -99.845339 94.390922 0.998580
3 291 1503 -4.940556 -49.970455 0.993387
7 885 1035 46.176749 -17.559120
3 996 1598 20.993541 -88.306296 1.009850
1 1195 1922 -33.545720 -21.057947
3 135 1905 -37.468211 -42.705908 0.986927
6 1174 1401
7 772 1407 37.528303 -90.915628
3 453 1203 -17.033477 -5.760190 0.990888
7 202 604 6.236834 23.675121
1 1391 1522 -21.756638 -26.582639
7 919 1261 -76.286446 4.882703
6 490 1794
7 882 1143 -99.363043 39.393405
3 580 1047 -26.902290 -5.858653 1.006097
1 1175 1462 84.261022 16.221662
1 548 955 48.423954 -97.723445
6 1081 1933
1 521 891 84.956493 -4.216107
6 973 1206
1 672 1880 31.228308 77.269482
1 1397 1546 30.969241 -67.002725
1 818 1574 -47.197789 -76.908741
3 116 1895 44.694045 74.761709 1.000875
7 1161 1931 45.776249 -25.627534
1 1509 1621 -33.688362 -50.905887
6 221 486
6 1140 1161
3 1212 1371 3.422023 -20.876533 0.982177
3 1237 1980 12.031779 -37.228987 1.005523
7 1612 1925 -45.941445 -88.653474
7 299 1067 -44.816178 48.532732
1 677 1159 -66.357705 -44.520287
6 167 1587
3 230 659 -29.706598 -27.782011 0.985124
7 709 771 19.600411 44.165099
7 239 1897 86.587323 5.893558
3 399 1957 -6.657899 53.047578 0.995655
1 38 891 -11.651365 -89.682751
7 448 1254 -95.087459 -31.659474
3 208 485 -55.262827 49.403705 1.001912
3 1239 1281 -16.831246 -79.638023 0.985109
3 409 1266 -24.507311 37.749846 1.008866
6 869 1244
1 259 1959 -42.685688 -85.468847
3 1511 1676 -20.368170 -95.276905 0.980946
3 1452 1978 4.346099 44.706911 0.984396
3 1693 1968 44.740893 -86.507725 0.984616
7 843 1863 44.414961 31.037933
7 96 1770 73.665808 -79.954753
6 47 589
1 1069 1818 74.831798 40.785538
1 253 472 -15.520770 -91.567522
7 974 1713 59.258232 -26.091309
6 422 1279
6 885 1249
1 49 670 -22.936307 -37.631563
6 1803 1933
6 8 778
6 353 1588
1 367 862 76.933117 65.073460
1 652 1541 78.770800 66.515044
1 423 499 -95.293820 -1.940079
7 1524 1847 -30.163042 -39.749691
3 1593 1980 44.210660 -17.875107 1.000553
1 900 1899 65.454356 -77.596972
3 121 1036 94.302973 46.426150 0.997887
3 1863 1952 -90.112052 -95.503011 1.005554
1 1193 1589 -9.596720 -1.705726
6 795 1374
3 188 529 -62.777041 89.702227 0.983272
6 77 482
7 1089 1758 41.316412 86.589154
7 1111 1610 27.890202 40.450088
1 459 1345 -32.829183 22.460794
3 1337 1710 -99.745887 -57.905005 0.997921
7 1867 1992 47.555094 78.889329
1 753 1561 -21.630925 -51.394799
1 372 541 93.596767 29.501369
7 772 1299 51.659595 -25.934806
3 930 1397 -86.383542 -93.463507 1.004151
7 128 518 64.491300 69.692993
3 322 1978 93.512252 19.421795 0.982885
1 604 658 53.590106 90.939414
1 828 1063 82.778357 10.290362
1 106 1694 -57.846939 -94.263186
7 339 942 93.753667 25.156852
3 52 952 7.377792 -56.998448 0.993524
3 421 1587 45.499032 -91.304090 0.995741
1 605 1881 36.585852 45.193571
3 906 1585 -75.249563 -27.651572 0.989934
6 534 1599
7 345 645 -10.781286 -95.772834
3 1849 1865 -29.665862 -25.354953 0.981385
6 550 1148
3 1223 1469 11.245837 30.109988 0.981543
3 935 1774 48.131650 58.915417 1.001447
1 730 1370 -15.135806 6.707965
7 1386 1882 60.095519 22.714788
3 475 1006 2.203312 -12.587459 0.991121
3 1190 1905 81.124371 -1.091950 0.987975
1 401 1561 3.480228 74.105819
3 151 1340 -53.886138 77.454282 1.002902
7 630 1791 29.633505 -81.224412
7 1373 1404 -20.860819 -77.731757
3 593 1065 -14.558562 38.018157 1.009592
6 1063 1428
6 362 1253
1 305 1100 15.078252 38.562898
3 112 1086 50.843214 -12.324633 0.999580
7 373 988 56.753738 -94.329230
6 38 312
6 912 1117
7 1018 1392 -93.905883 98.197708
6 652 818
6 214 1479
1 633 944 -79.691207 -84.236525
7 12 1770 12.556541 39.610415
6 835 908
7 814 1473 -58.442168 86.862834
7 393 1575 54.139757 58.974628
1 1180 1783 -66.017194 -80.708750
6 408 1755
6 920 1652
3 655 1978 -94.470106 -91.250664 1.008465
1 538 1324 45.207058 45.658875
1 301 1265 96.171529 -32.979509
1 760 1313 -94.677217 -52.794665
3 1264 1393 94.987531 -73.262584 0.998006
7 181 1943 -26.547157 -66.616818
1 430 1230 40.768813 72.387782
1 902 1300 -6.034952 49.996194
3 835 893 -47.942954 14.927012 1.004362
6 960 1192
1 452 1856 -48.435912 -3.361211
6 421 1268
7 951 1853 15.033681 78.546594
7 474 1357 -2.142342 -28.921117
6 626 1919
6 767 876
6 47 528
6 31 1409
3 532 1262 60.277113 -18.447249 0.988135
6 1059 1583
7 70 1519 82.553323 46.391783
6 1163 1685
7 191 266 -9.658709 -43.083733
3 269 818 -90.408834 -74.122782 1.002760
7 1615 1966 9.343242 57.484987
1 29 529 -81.081900 -19.891317
6 463 728
7 79 1955 88.444443 82.461278
3 358 440 -67.537375 -97.823492 1.005799
1 163 1598 36.401654 -51.270475
6 1327 1766
6 1805 1812
3 66 935 -42.022525 13.894116 0.992483
1 753 1520 -11.276081 -89.536464
7 566 1116 22.138999 -82.881178
1 1414 1892 21.546722 36.784478
1 663 948 80.863820 -90.529814
1 322 402 -87.132237 25.716404
6 614 1387
1 214 1002 22.757685 95.099019
3 311 697 73.063892 -81.631675 1.009589
3 434 1314 -41.277271 -37.989207 0.983638
3 1335 1622 -89.847854 37.372968 0.984523
7 954 1996 -58.487342 67.709989
1 384 1352 -20.316736 60.827151
7 700 972 -91.010305 -36.545784
7 1037 1117 17.189185 1.380721
6 269 1050
1 524 1367 24.292107 27.064374
7 1394 1789 33.259080 -96.843209
3 875 887 44.811488 23.668854 0.990862
1 434 1918 -94.759857 -43.885076
1 142 463 -41.420150 -81.252509
1 164 1423 92.178206 20.988403
1 832 1134 -0.307337 6.679971
3 1259 1505 -86.855801 -96.005401 0.984816
1 242 1230 96.665997 -50.607975
3 121 526 17.837709 1.639454 0.994261
7 1361 1658 -5.659103 -86.076967
6 214 775
7 355 1661 -96.270399 -44.912067
3 798 1827 -67.572099 -46.780811 0.993034
7 1392 1585 55.741110 0.218049
3 56 1979 81.779772 -67.774167 0.996014
3 907 1608 19.419520 -53.887373 0.992488
7 93 926 23.651894 -91.254183
3 844 1308 -39.264089 -35.802691 1.000773
3 641 1815 -2.448811 10.180803 0.981431
1 805 1230 80.306213 31.822802
1 603 1853 86.457773 -35.512041
6 954 1351
3 318 794 71.604134 53.369054 0.984714
1 190 628 87.133095 -8.245409
7 377 459 60.703923 -4.708864
3 196 728 28.936055 89.179044 0.982930
1 290 1560 57.728485 39.460712
7 1096 1498 -19.157432 -49.560520
1 443 1776 -23.359998 -94.572860
7 1032 1290 -83.467762 -96.317585
7 221 2000 3.593154 -35.350154
3 54 193 12.529880 -14.764867 0.992095
1 470 1585 40.993583 -20.251725
7 837 1662 12.833250 51.387672
7 1184 1818 -79.232974 -72.693899
3 453 1911 85.946849 30.677459 1.009313
7 406 740 4.005651 68.533852
3 63 812 86.096338 65.772803 1.002447
6 390 1560
7 1071 1274 -87.877440 -47.002794
1 841 1822 29.686181 -83.416103
1 474 1793 -8.220755 54.917314
3 1820 1895 -35.591343 -95.451007 0.995701
1 231 1088 -99.625474 -16.249559
6 1151 1999
7 178 1883 -95.871879 9.784354
1 868 1636 67.191448 -13.012307
7 170 1651 -39.829108 -98.215285
7 378 1418 54.007618 58.097754
1 400 444 -63.524146 93.535371
7 25 1128 -32.746371 43.168751
7 280 2000 40.265044 -28.740983
1 837 1522 -29.203929 21.797625
1 256 789 -27.162298 20.944830
7 917 1674 44.480532 -70.992238
7 782 910 -1.182318 82.306461
6 1009 1114
3 1027 1622 -12.507187 -25.614898 0.993171
6 61 510
6 181 1019
6 1318 1698
7 693 768 43.586707 -3.353887
1 517 1096 -85.806293 -99.630363
1 49 1753 86.165471 60.296620
1 1361 1541 -26.119656 73.450975
6 493 497
3 432 1275 -4.623008 91.774904 0.997166
6 1207 1846
7 585 1727 -32.290203 40.196116
6 789 1401
1 258 379 -5.200455 18.805541
3 753 857 8.986020 -91.596522 0.996722
6 906 1834
7 1083 1450 21.651453 1.006680
1 1368 1526 -5.537984 -20.872988
3 66 1234 41.585617 11.088986 0.988689
6 898 1847
3 422 801 -15.364687 -94.260116 1.006584
6 885 1384
1 990 1212 68.049036 -42.288340
3 1319 1640 -26.301978 -64.867217 0.983334
6 1634 1812
6 57 650
6 1230 1375
7 833 1611 39.336947 -91.032606
3 841 1909 82.979131 -59.245071 0.982332
1 213 324 -94.521918 54.142709
3 1098 1219 -79.149118 -16.647728 0.980080
1 440 1326 -47.964620 99.886655
1 80 1492 9.766076 47.913543
7 664 991 99.721200 17.986474
1 1414 1429 -21.095070 -99.004208
1 91 1892 67.185020 -86.506208
7 604 1046 -54.298622 83.029104
1 148 1886 -85.703131 -96.627454
7 445 1681 -29.597697 45.502516
7 932 1752 -73.143101 0.812247
7 460 1308 38.251289 -71.673092
6 149 1143
6 950 1680
3 85 1314 -5.370016 25.273278 0.990248
3 264 1510 -62.417891 53.425940 0.990468
7 14 1962 -17.079104 76.934389
7 674 890 -22.875816 24.959450
7 1354 1698 -96.927634 -32.132279
6 1140 1680
6 887 1457
3 853 1499 43.598315 -78.083854 0.988267
1 440 1130 -10.566880 -96.988484
1 755 1133 -20.432591 81.555332
7 427 1990 -8.830350 12.722727
7 734 1841 51.397139 47.260326
7 232 449 9.399034 46.465777
6 316 1364
1 490 1851 26.376570 -17.328013
6 1667 1767
3 543 604 74.487954 53.475805 1.004205
6 708 1529
7 639 1854 -95.064719 6.838304
3 1350 1585 -67.266866 61.902897 0.984328
7 1290 1582 77.004066 -67.157211
3 900 1002 6.747028 87.154059 1.000522
3 1522 1680 -45.467698 42.895146 0.983109
3 352 475 51.734364 -52.505705 1.003133
6 1039 1276
1 520 1742 -34.839201 41.035912
1 232 1629 32.682544 67.355955
7 468 1896 -35.474486 0.173789
1 165 1513 13.407037 -49.437577
6 177 1778
6 937 1729
6 1007 1025
6 542 726
6 35 438
7 1001 1323 -99.412326 -52.066082
7 264 1052 93.981410 -72.002775
6 18 594
6 174 1114
3 576 1292 -65.233688 -16.582675 0.984236
6 701 1963
3 774 1014 99.205861 -55.038586 0.981506
7 105 879 48.408426 96.931684
3 221 735 1.503355 52.121226 0.982680
1 711 1054 17.806460 -94.543860
6 387 916
3 366 432 -87.922411 20.786629 1.001150
1 76 1741 -79.872938 -15.707106
1 536 653 71.001612 -48.893398
3 1208 1858 71.591643 49.011395 1.000302
7 663 783 -96.479819 -2.899510
7 403 1863 63.176058 -51.809949
1 240 1759 -83.484557 59.085356
6 1844 1940
3 412 1649 -42.198436 91.763571 0.991187
6 813 1923
7 392 1515 72.709685 -53.083008
6 1052 1307
7 883 1723 -47.130956 55.295953
7 1560 1641 6.773788 67.360462
3 1313 1403 -79.539762 -91.159888 1.000064
3 114 1003 -99.711217 -58.518892 1.003351
3 1175 1758 -54.461641 79.462192 0.984176
3 910 1800 95.924406 59.745775 0.985871
1 486 1964 -79.778166 -49.249895
7 837 1626 4.026272 27.121961
6 1414 1946
1 1454 1907 -21.575040 -62.733906
6 593 1399
3 722 1170 55.017629 -23.496421 1.002239
1 296 1906 -40.360374 -48.730375
3 903 969 -83.024868 27.345256 0.999982
7 422 1472 16.375669 59.077562
1 344 747 -5.870947 -63.178549
1 483 528 -94.919582 41.753959
6 131 182
7 1350 1928 25.432770 -67.694924
7 875 1108 9.128740 -73.806497
1 581 1076 -22.803896 -69.612687
1 74 1633 -92.948428 -80.673403
7 204 1836 10.842533 87.247232
3 615 1840 -52.426123 9.521420 0.987303
7 1060 1558 -48.572684 96.318999
1 53 673 -29.069271 -67.499568
1 221 1656 -71.294010 -94.023270
7 523 538 54.914676 11.026009
3 1191 1676 37.406616 -4.359610 1.002956
7 278 280 -70.645631 -94.994614
3 1097 1994 77.265232 90.639995 0.980293
7 1590 1876 18.445165 52.562983
3 473 1702 92.049416 98.568014 0.993160
6 274 493
7 1679 1995 -67.960703 -95.765905
6 1045 1805
6 345 990
6 105 1777
1 996 1104 -5.635925 -73.945911
6 707 747
7 530 591 -44.855904 -87.031117
3 1385 1419 -41.338849 47.915333 0.997168
6 650 756
1 1654 1669 33.978491 -62.535461
7 385 1794 33.788843 97.101449
7 1195 1718 82.966967 80.357471
7 966 1518 95.478063 -4.060518
3 774 1157 89.552058 69.403891 1.008337
6 1208 1524
1 1301 1687 62.820637 26.754242
7 261 546 -91.216318 44.674200
3 1527 1922 -6.507146 19.565335 0.983805
7 1149 1287 46.328192 11.949184
3 25 597 -39.421160 74.793232 0.996213
7 1140 1592 -40.854820 52.299695
6 1213 1987
3 763 971 -84.939183 34.315722 0.987701
1 282 1565 -20.079811 -45.580595
7 336 1357 -91.403378 -75.398035
1 481 641 10.286731 75.859187
1 988 1208 34.524684 33.389221
6 312 1720
7 686 1563 -36.040028 29.676131
7 151 1439 -86.169007 -34.959923
1 95 321 56.721224 -48.432325
6 102 501
6 1065 1810
3 263 1388 -39.415924 -94.103776 0.991783
1 256 530 73.135378 -93.253632
7 361 512 -47.790865 89.196803
1 592 1823 -73.924575 -93.890139
6 701 1289
3 324 1361 -8.635790 93.334927 1.002528
7 185 224 -33.497832 -70.638077
6 7 159
3 724 868 79.787819 70.574817 1.006486
1 1564 1970 31.626627 8.645149
3 70 1830 -80.348094 -89.391136 1.003848
6 539 551
1 654 1795 6.981967 98.441131
6 33 1285
6 369 633
6 390 1237
7 1045 1214 4.665283 -92.230121
1 663 1246 -1.384468 40.069352
1 937 1296 -7.969178 -33.296864
7 1191 1965 -95.837026 12.437620
1 750 1258 -55.485937 0.710044
6 1477 1994
1 127 1401 69.865689 -60.503877
6 1136 1388
6 145 870
7 1372 1633 83.545640 -38.070097
1 894 1439 -9.403262 -23.295979
1 505 1981 -45.480179 93.868340
6 1475 1575
6 390 1738
1 397 1890 -69.866790 84.880804
6 204 1437
7 101 1959 63.792394 -95.283872
1 1351 1664 52.813445 -18.592581
7 1599 1749 -46.703660 -81.588556
7 409 1992 25.774858 25.162898
7 1118 1971 -76.844798 14.631006
6 499 1045
7 1281 1803 -72.394214 -62.604357
7 1324 1330 98.750101 69.846369
3 11 1654 -63.908165 38.573104 0.996783
3 168 1796 4.800777 73.328279 0.994728
7 130 861 -37.201681 9.034839
7 935 1582 53.113312 24.206424
1 670 1101 25.062612 -87.562163
7 515 1626 4.808034 -41.500801
1 596 1580 48.947994 -86.718434
7 73 1934 31.460135 -45.187105
6 1106 1493
3 1527 1885 -69.174721 93.578689 0.994545
6 911 1993
1 561 1918 -24.914827 15.367803
7 1108 1390 64.315394 -99.059202
3 1636 1936 -79.658823 28.922447 0.994601
1 1290 1867 89.649562 -93.198448
7 766 1845 -29.961384 -30.210606
6 448 1086
1 128 508 -13.972832 13.949127
7 569 1793 34.493845 52.775457
7 269 1372 -92.829020 -82.035552
6 90 1151
6 858 1956
3 674 1651 -95.236367 -94.254443 0.987886
1 1075 1239 -47.715710 83.100514
3 454 1757 78.490364 -48.373764 0.984640
7 1181 1479 -81.597984 6.166092
6 442 1853
3 105 451 -93.630071 -26.939068 1.005071
3 193 1967 19.552306 3.457432 0.994784
7 533 1620 24.400484 -7.709949
6 879 1312
1 1517 1838 45.532953 -73.411737
1 118 1559 72.196754 -25.117277
7 739 904 -9.260110 32.405529
3 1047 1252 8.697004 -7.775750 1.005771
1 479 727 -32.845147 31.176656
7 128 1918 -5.294568 58.007601
6 745 1318
3 1251 1382 -81.984882 -96.221820 0.992023
7 404 1845 76.113569 -71.617289
6 461 498
6 132 320
3 159 1690 -81.910188 -80.539867 0.984755
6 911 1097
3 989 1092 2.789578 -82.651478 0.984144
3 391 1181 -57.100058 -92.832185 0.986373
7 946 1236 -9.182511 -27.954745
6 408 1082
3 98 1823 -90.070728 17.714612 1.004248
6 744 1966
6 139 312
1 763 802 -92.869477 -42.561919
3 138 641 96.048432 78.663182 1.007140
7 83 491 -50.184240 30.255942
3 301 1257 77.425570 28.935677 0.983724
6 233 992
7 1528 1904 -72.225282 49.772882
3 1748 1759 -9.373686 -59.320258 0.981896
3 539 1879 -5.159521 -2.949201 1.008519
1 98 1100 1.337720 85.886293
6 634 756
1 282 1346 -94.947990 -30.112260
3 345 796 90.698290 48.598706 1.005393
6 413 432
7 683 733 -91.283584 -10.995924
3 875 1541 58.908635 48.787583 0.991598
3 1328 1477 3.863027 38.210441 0.996265
6 819 1308
3 157 1267 0.149775 -1.756854 0.996196
3 465 1771 -42.188784 31.811870 1.000150
7 541 633 14.594881 21.795147
1 1053 1069 61.409914 -93.605876
6 401 685
7 365 824 -24.805821 89.175855
3 1418 1909 -43.608532 -53.021561 0.995722
1 1568 1959 96.295963 -79.657709
1 382 751 82.127711 19.224876
3 1033 1342 -56.926761 -22.239039 0.987353
3 606 1500 -26.306176 31.266199 1.008387
6 150 1013
7 86 181 -23.015573 23.175604
6 1604 1887
6 857 1287
7 406 408 -95.874694 -7.568173
3 1742 1978 -40.435256 -5.810451 0.993909
6 1127 1778
7 1288 1358 45.355441 -80.959544
6 48 1702
3 13 861 29.980224 -12.546371 0.981922
7 688 1150 -70.785545 51.758804
3 508 715 -30.213578 -58.952821 0.981274
1 239 1948 12.641494 -94.430186
7 1324 1868 -90.326071 -10.414156
7 618 1656 -49.729153 -6.711743
1 326 1499 10.704359 -4.406044
6 617 1756
6 562 1687
6 656 764
3 142 220 17.653524 53.574562 1.003371
7 256 509 63.969930 89.545689
1 51 1313 58.250894 43.579583
6 211 1573
7 1694 2000 66.937395 -90.981365
7 316 1073 62.539717 -77.214733
6 164 1075
1 634 1390 21.295685 -97.124504
7 216 1779 -91.810930 -99.225636
6 1501 1731
6 465 920
3 792 1952 -60.719389 90.001716 1.009080
7 47 1134 -37.335453 68.438242
7 1015 1161 16.755856 -89.185417
3 1350 1507 64.355573 26.041816 1.008829
3 1173 1808 93.061323 -50.113768 0.991595
3 1011 1065 -5.667014 34.439829 0.999489
7 153 608 23.737459 59.397295
3 656 1792 -89.589882 87.034994 1.001865
6 712 1480
6 625 1456
3 6 788 98.749590 71.233239 0.995637
7 1710 1823 60.364724 -98.075030
7 1040 1700 32.219262 17.734326
3 1704 1853 -5.825597 90.373140 0.994406
3 461 663 -84.149749 7.549178 0.986220
1 820 1304 -50.874873 -69.027851
1 87 891 -24.374793 81.330998
3 1009 1545 49.474343 -0.324283 0.998759
7 499 888 90.288709 -57.960570
1 1023 1982 -8.230996 98.037993
6 793 1044
6 1688 1964
1 371 1215 77.261130 -89.111945
7 1104 1307 -55.684567 93.800512
3 173 674 -95.341872 -90.281263 0.982661
7 22 343 29.429492 -41.823627
6 107 318
1 580 589 27.403421 -45.280744
1 423 1628 43.993014 -50.108060
7 388 1790 79.813088 95.054209
1 1128 1522 -38.759322 67.241029
3 434 1945 -21.695125 -12.055017 1.000552
7 497 1858 -85.634160 8.644941
7 42 493 -85.908392 -94.544720
7 1473 1498 -38.500457 45.691556
3 1733 1849 13.684066 71.533456 0.995775
3 439 1656 41.973249 37.942989 1.001833
6 1199 1395
6 344 1929
1 1013 1897 49.349403 25.498012
1 182 1849 -8.463120 -26.388725
3 1 1054 -4.919474 -49.834833 0.991684
7 1287 1793 -89.531197 -25.242184
3 858 1543 92.999669 -82.210756 1.004979
6 868 1418
6 1692 1871
6 1165 1652
1 930 1979 78.319921 26.575188
3 482 1057 -68.633890 -52.522612 0.989772
1 17 474 92.629065 -56.056554
1 989 1437 45.733900 16.196558
1 203 1045 75.588301 -35.945753
3 372 630 -55.315433 -95.451862 0.980222
6 308 316
3 210 1568 29.329704 -89.604385 1.004052
3 1246 1994 -95.534860 -85.817938 0.999286
3 568 817 81.654193 -27.548401 0.999102
3 425 1326 84.509808 5.749898 1.000751
7 1127 1430 -2.813407 11.465145
1 261 1508 96.175267 28.534270
1 1349 1839 76.743879 -71.154490
6 1097 1331
7 1144 1886 -93.574014 33.081530
6 1764 1773
6 871 1070
7 827 880 69.946863 -87.778148
7 1484 1583 42.853023 90.107363
1 456 1751 48.748404 -27.607730
7 89 441 -95.895575 -93.448249
7 812 1646 -89.565954 -1.248418
7 275 687 -83.706115 -3.455274
3 1259 1281 -5.449882 92.797983 0.994773
7 311 1313 28.495903 -84.020532
1 1652 1920 -11.436466 -42.407456
7 512 520 54.517096 -63.402886
3 210 765 53.840010 -92.870334 0.987307
1 464 958 36.797833 -19.633682
1 271 519 84.681857 -42.103331
1 353 1437 41.479431 -79.296096
7 814 1051 0.971333 69.553030
6 1582 1937
6 535 697
6 558 1775
1 23 1875 10.453970 -12.191678
6 335 878
6 510 1881
1 850 1295 -69.506850 -17.061246
6 215 1086
3 184 1856 -27.784058 9.724271 1.007299
1 109 657 47.180620 -48.248053
7 49 1858 16.924223 -31.112365
1 456 1102 75.177332 -98.167458
6 1395 1834
6 1703 1960
6 1079 1812
1 478 1322 55.036426 -97.095865
1 1547 1871 -94.731280 24.295543
3 378 852 -51.129594 -87.638968 1.003114
1 384 1329 45.924099 53.024321
1 182 1730 62.281700 -96.721065
6 611 991
3 443 1980 -16.955707 20.839523 0.987993
6 687 970
3 1206 1693 -59.267243 -11.139560 0.992725
3 1065 1579 19.656359 -86.094665 1.008474
1 270 984 18.402188 97.894759
1 322 794 -54.317554 -79.876194
1 1433 1671 93.630886 -97.928326
3 937 1481 4.730149 -91.144208 1.004091
7 119 1281 30.238839 -99.973941
7 83 1284 66.370037 -74.414487
3 402 1753 -6.867608 -87.127286 0.992044
6 1900 1912
1 619 1934 69.818335 10.254234
6 468 707
1 521 1739 12.397006 5.764193
1 955 1881 -42.279561 0.085609
1 576 1139 75.813435 -28.396312
6 385 965
3 873 1519 89.719814 30.279684 1.000251
3 192 926 -11.229230 -30.254578 0.980969
7 20 896 -58.011254 -85.798155
3 210 853 -84.627777 9.722405 0.981422
6 249 1242
7 538 1495 59.066569 42.506193
1 507 1691 -83.004063 -93.052581
3 285 1339 78.020388 -6.942799 0.982162
6 698 1886
6 266 1798
1 412 1164 -86.063231 27.926248
7 475 1567 9.138401 -29.329801
1 804 1169 -34.756067 -96.222220
7 1020 1840 85.277191 -98.736782
3 444 810 -93.710627 -64.905836 1.005452
7 631 1024 -86.838499 -15.617987
7 172 1245 -41.127520 12.182127
3 135 1995 -49.503956 85.398247 0.999568
7 1044 1947 -10.032356 -86.279484
3 843 1756 65.856286 -98.944470 0.982079
3 625 1751 -62.390589 -46.298757 0.992470
3 80 1835 -19.401313 -93.624425 1.004256
7 208 1092 76.731367 -50.278686
7 1022 1823 -32.616867 2.993322
7 1267 1484 93.466837 -91.499118
3 935 1852 -87.282005 -62.846947 0.980998
3 134 1368 -71.975078 -75.181641 0.999666
6 413 803
3 322 1659 64.462206 25.122360 1.001081
1 518 1541 31.177307 -95.403969
1 1323 1340 -26.015718 28.293635
1 712 1706 -92.482638 -76.706772
3 116 1939 56.721873 -89.685205 0.996250
6 722 1801
1 846 1892 1.564430 47.666185
6 747 1817
7 284 565 6.929932 -80.701042
3 192 1476 -4.906067 -8.848461 0.996639
7 1165 1399 31.759474 -27.753090
3 950 1309 -64.421349 56.120712 0.993849
7 468 482 -24.720223 -42.544452
6 533 1848
1 1540 1544 -65.340473 -61.303339
6 686 868
1 525 677 -56.014051 27.891652
6 610 675
7 552 872 92.684493 -76.685412
1 1186 1470 61.803642 -96.952401
1 910 1281 -10.734573 -84.954503
1 334 1846 -92.394395 23.739082
6 1000 1352
7 721 1726 59.454694 -46.496273
6 958 1502
6 446 808
1 208 1610 -28.761533 -79.575895
7 1497 1882 -12.447756 20.188798
1 817 1787 -53.449511 -91.740761
6 654 1066
6 1012 1994
3 882 1035 12.808045 -46.270336 0.993718
7 393 1682 71.855973 73.671731
1 1403 1945 45.508935 -15.876420
1 984 1093 -95.442940 16.485251
7 1573 1754 -80.773050 -73.655261
6 986 1953
6 886 1707
6 325 813
1 1201 1467 98.337520 73.225872
1 110 1590 -89.445939 -26.260387
3 483 1316 35.925001 -94.097882 0.995010
7 792 1175 19.969452 -47.845307
6 1420 1670
7 1313 1725 48.441625 -26.847843
6 822 1062
7 991 1723 -69.117141 -78.113401
3 12 1256 17.413724 -94.125901 1.009978
7 596 693 23.406254 -19.760373
6 1845 1916
7 324 710 25.744490 -85.027307
1 824 882 -21.512862 -37.523136
1 550 1879 -38.848073 88.437608
7 1137 1375 -76.925315 84.009320
1 292 1596 -72.104118 -18.190475
3 179 1041 -67.201330 78.682729 0.996527
7 396 1182 -51.041058 -77.822399
1 232 370 -98.794127 -1.543667
1 1791 1975 66.211523 -71.108471
3 600 1728 -50.313398 98.585361 0.996160
3 433 1312 -36.132679 -36.560183 0.986755
7 214 1545 -83.667369 39.132295
6 275 465
6 1029 1968
1 1088 1584 -77.952933 76.036709
6 1386 1862
1 226 1527 -72.585022 84.752142
1 1634 1799 31.427764 41.692051
3 1538 1741 -36.796978 16.553356 0.987101
3 757 1971 25.899831 13.884337 1.002477
3 200 200 -89.481857 -8.151082 1.001309
6 772 1943
6 100 1075
7 400 1257 -10.219583 -76.175304
7 367 1188 -99.606747 50.795752
1 120 516 -57.434091 -26.090759
6 1462 1587
3 563 1181 14.026017 -74.615573 0.991875
6 1423 1563
6 938 1457
7 436 1928 59.846084 43.891593
6 853 1961
1 32 1872 49.550836 34.158492
3 57 767 96.367502 -20.228417 1.005641
1 860 1198 60.841648 -48.186196
3 359 1010 43.690716 -53.340210 1.005734
7 1012 1869 -31.625742 0.322704
7 710 1002 -95.694369 84.498578
1 819 905 -54.008177 -32.263852
7 1157 1756 63.404685 -24.598853
3 926 1262 -33.388456 53.882263 0.980001
3 995 1478 -22.311451 -92.185322 0.981252
7 647 788 -43.583459 -92.431007
1 621 871 35.797604 -8.492594
1 232 1814 -91.497711 85.755930
7 578 815 29.670226 17.068830
7 239 1494 -18.073576 -26.098470
3 368 616 -41.399662 54.773932 0.992568
7 760 1569 -33.074929 -3.317187
1 13 71 62.734369 52.207883
7 83 350 21.202055 -87.690229
6 160 1147
6 1010 1637
1 1285 1471 9.820566 -56.313967
6 530 1749
1 1155 1348 -27.206254 -66.619099
6 12 1631
3 854 1055 27.537965 -18.451830 1.003947
7 440 796 26.666337 -56.050684
3 161 1472 -11.742369 47.950175 0.982465
6 493 499
3 572 1250 -84.106396 69.566329 0.980301
1 169 882 13.645071 84.368735
6 9 849
1 238 909 12.266453 93.301821
7 822 1622 -97.058669 -88.618705
6 62 1124
6 728 745
6 580 1639
7 891 1502 -29.675013 80.184429
3 9 514 58.566275 -90.091653 0.993825
7 450 1657 -79.470280 -45.075748
1 796 1111 -91.302362 98.259991
1 1251 1694 81.088821 -86.694091
7 1468 1475 -25.850477 90.697035
6 568 1916
3 778 1096 -13.766225 50.520464 1.009738
7 214 753 79.921597 -38.305247
1 690 1554 73.326419 73.122126
3 258 1507 -10.338958 -99.216301 0.980631
3 243 1336 -36.684566 -94.017855 1.001406
1 1566 1928 -95.388413 -55.429376
6 221 1735
7 883 1524 68.629782 48.826712
6 895 1337
6 523 1933
3 528 1783 -31.172624 -73.356904 0.995934
7 1012 1964 44.165166 56.820195
1 810 1726 6.905188 66.230385
3 357 1027 56.275902 -8.899061 0.992477
6 1039 1555
7 1415 1893 80.604611 -18.794732
1 98 905 -53.057384 -17.388603
3 1594 1866 -89.060070 65.052170 0.985051
3 402 636 2.434779 -51.565730 0.999930
6 161 1538
6 10 187
6 784 842
3 1237 1389 -83.628625 -78.541070 1.001662
1 61 1513 -90.831833 68.307542
7 314 378 -39.659202 -21.249415
3 547 707 -53.896656 12.546682 1.001983
1 1080 1789 -78.825336 -43.960355
3 1127 1499 44.016256 -90.257950 1.004457
3 373 835 -87.301367 -86.611265 1.008183
6 1023 1838
6 682 1053
1 436 983 -28.940279 -97.083792
7 1448 1705 -27.766928 -36.174734
6 46 461
1 1593 1847 -96.445659 52.008002
1 773 790 -65.504851 -46.639197
7 947 1799 65.922221 -3.863621
6 103 882
1 15 975 -81.307350 19.779185
3 1435 1480 16.730831 43.957337 0.997470
7 674 1150 -21.850602 25.029234
7 1117 1748 85.329538 -32.662077
7 12 1377 -64.723890 -86.864729
3 1153 1576 -30.522811 -5.112167 1.005276
6 948 1302
1 172 1225 60.366726 -95.409869
7 779 1050 57.909703 78.431461
3 920 1085 -85.918206 24.776337 0.990102
1 778 829 95.473743 -32.111452
6 585 1725
7 946 1803 88.603369 34.124084
7 172 1601 -29.869019 -22.525910
1 264 1825 23.997103 -92.779304
7 511 760 -79.671961 13.406170
6 450 1068
3 368 1234 -76.235525 8.462019 0.993920
6 1466 1594
6 685 1758
6 560 1273
1 674 1691 -69.363903 -23.570228
3 733 1772 -73.063429 -82.802983 0.980191
3 563 1291 -56.097985 45.179433 0.994637
3 161 958 -46.416240 96.402456 0.993863
3 91 1583 -96.830945 63.101552 0.995232
6 347 985
6 699 1830
1 581 754 59.992915 -2.679429
3 1349 1674 -27.197488 12.910939 0.994610
7 961 1704 34.791497 62.300064
1 304 709 -32.435862 5.830463
3 490 761 3.857815 -94.496764 0.981577
7 208 324 -89.096775 -51.778862
1 731 1410 -58.776157 54.013579
7 81 1244 -93.325829 44.934139
1 366 1089 5.876780 -66.439399
3 454 609 -35.971872 8.777635 1.004060
1 937 1172 -17.485945 -66.948132
1 415 1149 -86.159319 46.303281
3 1036 1816 79.456461 -41.550538 0.990562
6 33 1074
7 772 1591 74.485087 -59.313399
7 391 763 -92.610045 -52.828285
1 1310 1393 70.494488 21.171815
6 845 1035
6 996 1334
6 930 1661
1 460 1261 -9.744637 14.697801
7 7 887 -97.877403 46.108526
1 417 1177 -25.618259 -96.853473
3 95 876 -40.197363 -97.972547 0.996632
6 1728 1731
7 327 1130 76.329718 87.948521
3 1134 1757 -38.765025 -4.097138 1.007822
1 112 1627 -43.922559 -54.075672
6 756 785
1 525 904 7.269606 63.894382
7 1141 1349 63.964508 -28.994702
3 751 1217 -91.946095 57.299398 0.994770
6 83 1803
1 16 1730 26.345738 9.584210
3 333 927 -32.605345 99.212075 1.005931
3 1548 1695 87.697235 -23.190857 1.009629
6 963 1892
7 188 1178 36.990143 13.513289
7 618 1455 87.915218 -51.711420
7 395 943 77.378108 -14.821922
3 1023 1189 -79.889152 -39.286133 1.004518
3 185 1944 80.038615 73.595046 0.995953
3 261 916 80.493605 34.438596 0.989822
3 344 1234 71.323327 18.260129 0.999238
1 367 1507 83.600104 -7.103633
1 712 1975 95.033349 54.330407
7 134 1674 99.362903 -23.757971
3 262 1623 63.949436 21.038567 1.003949
3 599 1239 -85.959322 45.766034 0.985091
7 780 1615 -18.779158 81.446021
3 607 1879 -76.852233 4.245916 0.985422
7 272 554 -98.050525 82.680339
7 818 1090 -74.199265 54.520383
6 926 1835
7 909 1466 -43.916496 18.993255
1 327 842 -98.698739 -92.945895
7 282 489 12.220040 13.888465
6 320 1702
1 1527 1694 -78.797967 -78.486053
6 74 1104
7 349 1747 -38.385434 -46.398757
1 719 921 53.851380 64.267433
6 1215 1657
3 1143 1597 38.254419 61.568882 1.007852
1 317 485 54.657611 93.804390
6 867 1390
1 1564 1934 87.959220 -21.296979
6 329 1477
3 368 1771 82.856151 -85.611806 1.004822
7 1616 1773 48.857729 85.719019
6 431 1902
6 232 1195
6 209 874
1 111 1716 57.387067 -26.003302
6 1011 1115
7 66 1580 33.651700 10.200419
1 1036 1624 14.759565 -83.706794
7 531 1512 -90.903923 -94.224950
3 724 1319 -91.573750 -44.158660 0.994231
6 879 1743
6 707 1309
1 508 1543 -34.095120 82.148608
6 263 1608
6 325 1120
7 680 1927 -10.571472 53.324596
6 6 127
6 541 1991
7 65 833 65.299375 -90.528218
3 641 1822 9.855644 -7.545623 0.996168
3 566 1915 66.145255 -73.178041 0.987360
7 668 839 11.169293 -42.819923
1 153 1137 -21.062897 -85.857520
7 987 1818 -12.813998 -9.656198
3 48 180 -93.379921 55.488737 0.996554
6 1581 1595
3 895 1784 -40.605646 19.508445 1.008130
1 86 1133 28.780821 65.829675
1 408 1216 42.789814 -27.573389
1 221 872 79.002347 -36.945747
1 556 570 -15.082501 88.706667
6 475 662
3 833 896 -86.108826 -83.241034 1.000658
3 783 1061 46.258240 10.219303 1.006931
3 170 257 23.875910 50.686361 0.981948
7 638 1889 -60.126875 -92.086068
3 1183 1337 -23.385973 2.911783 0.986028
7 518 1087 -10.181384 68.559927
7 53 274 -41.343962 -62.045232
6 18 46
6 673 1995
3 201 743 94.847582 -61.381302 0.989603
6 638 999
7 815 907 -42.271963 -91.600251
1 87 821 42.514636 -27.970707
6 92 1335
7 596 1490 -13.499111 35.208604
7 550 597 45.298655 -57.627077
3 131 481 23.773056 -92.044570 1.008750
1 137 253 -90.226115 -56.645102
7 1181 1387 59.676145 3.820944
1 933 1420 23.685309 75.254087
3 505 1200 -58.920383 -55.403985 0.993822
1 595 1260 54.433541 44.727281
7 572 1574 -43.122098 83.434693
1 589 1340 61.442464 26.104106
6 150 188
7 500 1239 -86.222268 -67.928529
1 1197 1459 -84.721780 -94.095732
6 182 521
7 628 1448 -78.303095 -76.141594
3 431 1413 91.434931 -88.793850 0.981348
3 1398 1465 -44.318640 67.526346 0.999061
7 871 1157 -36.975350 25.019417
7 151 1342 41.673135 -34.642243
7 604 776 -18.384726 68.417725
1 339 1940 -1.867416 24.383834
6 1548 1768
3 801 1126 -27.814054 -86.185311 0.982556
7 619 1081 -91.235434 -97.112824
1 781 1696 81.366055 54.498629
7 953 1271 -96.776328 63.703394
6 800 1347
6 144 903
7 1311 1967 96.459261 49.986692
1 42 1851 41.013848 60.395572
1 1340 1973 -97.676114 59.069852
1 695 1371 52.744177 -1.296120
1 238 699 68.870107 -46.810369
6 460 1314
6 159 1581
1 618 890 26.136019 65.710914
1 3 688 -10.853985 1.963071
6 266 1691
3 595 771 81.250241 58.349649 0.981702
3 178 1466 1.768574 43.060218 0.981610
6 956 1667
1 73 132 92.913863 -60.499253
6 891 1587
7 382 1400 38.436355 -80.618998
6 154 692
1 942 1218 74.922646 43.277727
1 396 1531 -30.610100 41.157873
1 517 1801 2.257826 93.257808
1 1491 1756 98.531440 -76.262475
3 763 1460 -35.055628 94.303485 0.981257
7 470 1630 -78.553887 83.594666
7 381 1688 74.904402 -34.760258
6 152 661
7 148 458 -53.400722 -11.095977
3 1225 1518 -26.835628 63.151840 1.004523
1 665 957 -10.161823 82.877701
6 309 1261
3 551 1843 -40.299910 -68.208968 1.009872
3 1869 1972 90.258424 -81.583249 0.990739
6 1356 1994
7 26 1832 -42.052578 -46.600515
3 23 1395 -81.568082 11.822823 0.991446
6 985 1308
1 544 1096 -86.419560 -64.830563
6 368 1751
3 338 1002 -87.447482 54.192782 1.007165
3 1206 1664 -40.761349 19.615667 0.984148
7 1106 1626 -48.450926 -67.615752
6 1310 1548
3 476 710 -72.884398 -31.115789 0.984936
1 241 551 -40.058943 -0.905366
6 442 1327
6 818 1681
6 565 1560
1 342 527 91.215604 -60.586577
7 141 1290 70.864347 69.721209
6 1274 1636
7 239 466 1.187823 -89.956214
7 1129 1141 84.512408 20.538917
3 1092 1593 20.477336 -50.551177 0.980279
6 1823 1929
1 364 1438 39.750330 -93.053685
1 1336 1714 34.146061 -37.700672
3 330 1199 -10.614353 31.189718 0.999683
6 595 1208
6 509 691
6 1367 1476
3 509 764 -36.665431 38.009970 0.996353
6 720 1405
7 241 1417 26.978552 -56.225595
1 1105 1220 -0.059864 -10.106117
3 397 1447 88.196842 48.925106 1.008333
1 255 1550 78.218926 -48.080950
7 235 329 70.249845 18.723428
7 1083 1438 70.780902 -4.109148
3 330 1490 -41.099834 -57.863626 0.994172
3 518 762 10.983152 -8.717213 1.004161
3 1504 1895 -67.394537 -94.679122 1.007855
6 1091 1339
3 964 1226 32.583479 -8.205082 1.006932
7 991 1503 -15.513178 14.758109
6 1390 1635
7 679 1650 72.363169 -92.593952
1 698 889 -41.534290 26.586567
7 1048 1835 17.344486 71.873322
3 233 517 -93.196849 54.439025 1.003101
1 320 1976 -24.968472 88.529473
3 1319 1552 -72.147294 -39.243094 0.987314
3 101 120 33.049475 96.852635 0.999781
3 518 874 80.188230 -40.188612 0.998526
6 25 1896
1 310 527 39.113760 75.639048
3 1722 1982 58.859865 -65.935541 0.985912
1 190 675 27.215332 44.702874
1 208 1019 82.309015 -19.312229
3 780 1959 -64.619800 -41.079192 0.983117
1 313 640 74.442164 -30.994460
6 711 1994
3 705 1897 62.562691 -18.672207 0.981251
6 1399 1866
1 633 1133 -43.269130 -69.405727
6 1376 1961
7 371 1872 37.054298 55.714977
6 1322 2000
1 1320 1525 -92.038883 84.551500
6 1684 1915
1 1491 1702 -47.280924 -96.863067
3 359 1671 89.245806 -98.141570 0.984818
3 314 1338 -86.851475 -84.021723 0.981384
7 299 353 1.561812 -75.256217
1 1266 1471 11.103919 -73.593513
7 565 756 -88.478358 -28.794943
6 930 1945
7 700 1285 -85.213734 36.740384
6 1606 1787
3 208 1118 -76.724521 -92.939835 0.992728
6 12 1150
6 420 1631
3 1014 1567 52.115167 1.216428 0.998697
3 142 1658 41.887988 12.000815 1.009189
6 882 1325
1 749 1175 -84.453701 -25.133962
7 245 424 -46.697362 2.400177
3 423 839 -70.297331 -91.473887 1.000907
1 1460 1777 0.201818 15.459144
1 575 1048 95.247075 37.029807
1 1016 1420 -22.479449 -22.909856
1 259 1031 28.308322 47.363758
1 1145 1698 84.772730 39.949803
7 880 1135 19.761878 55.242763
6 1530 1803
1 804 1267 12.982347 -99.082941
7 437 1139 20.446889 82.044730
1 744 1042 -28.384190 -63.582348
6 906 1967
7 926 946 -97.272222 84.957504
1 1633 1734 -61.692292 93.658037
6 1141 1975
3 92 117 61.452031 -46.912488 0.996429
1 773 946 22.291547 6.048590
1 1105 1194 55.285642 55.311656
6 71 630
7 330 1507 -49.747009 74.109050
6 1084 1092
1 655 1116 -91.335540 27.353897
3 364 1972 56.110172 -65.393398 1.001240
6 1031 1254
7 848 1386 -29.277130 22.319981
1 124 1005 61.045663 48.288524
6 708 938
7 318 1119 -42.469870 79.031051
7 1537 1877 46.475182 97.417126
6 706 1874
6 864 1590
3 407 1763 91.981777 -92.443587 0.980342
7 153 382 50.685526 78.236967
6 554 661
1 814 1845 -23.071247 -49.673530
7 493 1174 87.435579 66.896697
1 16 788 30.305610 -27.944368
7 1744 1793 0.934228 77.462903
3 558 1186 6.473292 64.527020 0.991409
6 780 919
7 223 1142 -9.268569 -29.346903
1 196 366 57.817035 39.930718
3 270 1553 56.126830 0.228273 0.997095
6 1126 1829
1 1136 1646 3.338883 17.484125
3 1360 1865 -55.163948 98.344436 0.994790
3 1111 1196 99.320613 -39.232150 0.980346
3 820 1387 62.035060 94.505084 0.997619
3 338 1707 5.173872 13.654367 0.984762
6 808 1937
1 335 445 -34.101472 -94.241434
1 1812 1927 -21.620013 20.596067
1 567 1725 -43.438199 -36.589290
1 548 1789 96.713179 -54.061560
1 422 645 -34.586350 21.309422
7 868 1889 -88.256083 94.635594
1 1336 1915 95.807888 -63.569482
3 424 618 -1.579636 -62.255519 1.001872
6 123 365
6 1732 1775
6 695 1802
7 569 1044 36.114524 -23.487377
6 388 1781
7 149 510 -59.461175 -89.728520
7 586 1229 62.958354 30.244908
6 775 1015
6 116 1760
6 175 1982
7 114 1224 45.823091 11.114523
7 671 1507 50.423605 -24.089072
7 1398 1475 77.619688 58.300899
3 991 1154 97.280113 -47.325243 0.981236
7 1812 1949 39.725829 -60.251123
6 956 1580
1 715 1777 54.153796 74.210541
7 1249 1266 -41.044626 -1.830229
7 754 755 -14.249515 93.439256
1 115 505 14.291742 18.541185
7 1374 1644 -87.107671 -88.604083
3 1486 1530 -43.798007 -91.007545 0.986931
3 642 1222 13.782205 9.845276 0.980956
6 148 1825
3 333 1953 71.456315 83.674342 1.000734
6 1091 1883
3 271 419 -23.899272 27.950431 0.996508
3 998 1312 -70.629225 -0.844184 0.991282
1 1079 1126 -6.887840 -43.816704
6 700 1380
3 215 1798 73.995298 2.671320 1.008564
6 1144 1907
3 249 352 81.155844 50.693425 0.985397
1 843 1416 -69.165320 14.004532
1 8 1329 24.558221 -95.922836
1 444 1284 32.903604 19.651149
7 851 1486 1.542356 10.713508
6 1330 1473
3 79 1813 -4.921747 -50.196388 0.986439
7 261 1944 -7.724751 60.022328
7 265 780 -97.794862 -58.077791
7 779 1151 53.964710 -86.039262
1 927 1359 -68.481527 18.638282
3 729 1030 -16.086372 85.812392 0.982571
3 1233 1265 1.685958 47.281112 0.993504
3 279 1531 -64.010444 -93.688042 0.986513
6 751 905
6 1264 1680
3 281 1555 -56.502026 -5.803572 0.988329
3 54 586 61.634570 51.181668 0.992516
7 1140 1876 -65.425992 39.517656
1 402 529 -3.252979 37.940096
1 1464 1931 80.133253 18.302434
1 270 1875 -92.831822 -86.785036
1 30 1749 47.054072 44.891927
6 328 1092
6 945 1511
3 1215 1919 -77.911212 85.884623 0.983638
1 44 1564 -72.311632 24.737759
3 469 586 -86.553331 -39.010369 1.001690
1 1594 1929 31.649430 55.619341
1 1396 1990 -22.958903 34.587722
1 700 1993 -7.902874 -96.342052
6 1906 1922
3 529 1966 -41.473677 53.107549 1.006454
1 346 1471 58.721055 -61.823484
1 765 1842 83.513601 28.334423
6 374 427
7 533 1977 -82.345340 62.919977
1 997 1766 -98.140379 49.832233
6 500 1691
3 880 1334 6.189163 -88.095925 0.990281
3 858 990 44.848597 36.310301 0.989649
1 305 1141 56.084723 -30.087697
1 486 1357 7.183019 52.684337
6 895 1805
3 856 1068 -83.035260 -47.717382 0.991292
6 372 1381
7 545 876 -66.631147 -34.659484
7 138 1228 23.003285 -74.029969
3 138 1542 69.202353 -83.364534 0.986284
6 466 1271
3 847 943 8.559533 9.674932 0.992905
3 50 141 -76.891751 51.220960 1.001255
7 136 739 -74.672186 -1.472540
6 985 1965
6 1249 1414
6 628 635
6 981 1939
1 1359 1375 57.952017 -77.360543
6 345 357
6 604 966
3 1060 1248 61.372564 1.984609 0.999721
6 602 733
1 177 933 27.046052 61.923916
6 323 1256
6 452 692
7 477 1853 -9.031836 -18.831233
1 1255 1805 -98.547672 43.882454
7 93 914 98.945495 -32.840534
1 1099 1486 -82.235665 55.499876
3 1216 1915 48.051080 -57.715694 1.008505
6 823 1042
1 802 1125 9.099485 -95.984331
3 318 1749 -83.064240 -90.594381 0.998116
3 1772 1902 -73.559984 -18.011545 0.999224
1 595 1439 -24.295238 66.037007
7 781 1124 61.298379 0.462889
7 1310 1659 -62.848312 -52.885484
7 748 1041 -73.285299 -50.312250
6 398 430
1 811 978 -11.242922 -50.926262
3 941 1001 -25.579189 8.312775 1.009472
6 1518 1984
1 231 1009 -97.440441 46.442327
3 4 13 69.723419 17.369671 1.001504
6 250 1389
7 199 627 9.197013 99.847133
7 321 545 32.725393 68.610883
1 422 750 -64.317361 97.548617
6 640 1085
1 827 1834 -4.907176 29.005047
6 221 1329
3 914 1960 8.656844 -33.148981 1.006661
7 831 1389 -96.195304 -63.391718
6 134 177
1 1137 1152 -9.915021 38.697805
7 237 529 -44.367065 -3.502237
7 763 1724 -31.466086 97.875977
6 1260 1556
7 13 339 66.551473 9.554409
6 84 1935
3 908 1110 34.489555 -87.216004 0.980993
1 496 1683 86.938494 70.224720
1 714 1859 -96.215920 -41.401111
6 733 1844
7 153 1325 27.230732 -85.316340
3 949 1860 97.574078 84.186348 0.985453
3 843 1255 -11.547788 58.052370 0.980084
3 1182 1268 -20.405202 55.379380 1.003594
1 1160 1988 -3.746967 -3.149584
1 115 1980 -87.595187 79.789202
3 1193 1395 -22.380590 17.687682 1.007239
7 1164 1911 91.668124 -46.167127
6 1173 1552
7 408 971 18.420840 -7.476049
6 997 1077
6 526 533
1 175 1385 62.490174 -87.639986
6 1789 1938
7 1210 1590 82.628940 2.976701
3 302 1407 93.132662 94.334079 0.989718
7 522 767 -31.428422 -44.941005
3 216 439 -96.370017 3.910779 0.981482
7 1580 1907 17.896192 -82.621817
6 374 713
6 308 1381
7 347 1130 69.016785 -60.155206
6 1157 1171
6 822 1579
7 398 1783 -92.904534 37.288154
3 435 994 58.457417 -96.815549 0.983260
6 288 405
6 13 682
1 552 1993 -70.366123 -35.620599
1 866 1185 11.118891 11.372297
6 544 1217
7 713 1879 9.386679 -42.248803
3 708 716 -32.633804 -70.879546 0.991654
3 267 1472 -89.808504 71.917554 0.986749
6 69 1201
3 553 850 -16.766412 -75.053184 0.986637
6 560 717
7 1108 1402 13.555195 -96.005470
3 1038 1184 -39.277890 -43.952904 0.996026
6 93 700
1 1036 1646 -93.931338 -59.002180
3 1815 1855 -87.415342 -87.245642 0.994589
6 356 622
3 210 563 -39.846423 60.239767 1.001911
6 526 665
6 483 569
3 1309 1717 -59.576692 49.335368 1.001378
6 823 1399
3 1194 1920 -80.290617 89.456403 0.992590
3 920 1515 18.075397 91.764332 1.005754
3 403 831 -99.789662 -88.286205 0.991722
1 520 680 97.430774 -17.161833
1 585 1781 -60.507244 68.170244
1 924 1895 34.929942 -60.056707
3 805 1116 -4.779115 8.563785 1.001761
1 481 1356 74.311891 -11.216931
6 308 1756
1 448 521 -45.167161 46.900638
6 1471 1881
3 147 1771 -6.455626 -7.951761 0.992709
7 1214 1819 -32.743612 -37.417508
3 344 866 43.380333 -71.446610 0.994121
6 76 481
6 243 768
6 1130 1977
3 1344 1906 28.382030 -86.580314 0.980034
6 640 741
3 1589 1939 -89.339657 -63.139883 0.987402
6 1036 1077
3 150 540 -86.158976 33.061462 1.008809
3 591 1677 87.629681 -15.692464 1.001538
1 26 1311 -34.936516 -72.560448
6 535 1576
3 84 1549 -17.556711 -91.770974 1.000375
7 1451 1602 -97.332538 66.199141
6 234 763
3 1043 1386 -74.177308 93.606981 0.989195
6 287 423
1 40 1677 5.281233 11.043430
1 736 1852 38.638422 -55.280890
7 998 1913 95.630176 -83.014252
1 942 1569 -90.118045 71.882178
7 572 1655 97.959585 -37.159218
7 172 947 -75.338996 -98.810163
1 992 1707 51.946950 -41.132857
6 18 1842
6 1200 1259
6 312 963
1 1049 1098 -33.468042 -39.787443
6 996 1779
7 829 1977 -82.302132 59.569448
1 989 1709 -4.653323 56.117154
1 1216 1319 10.605327 76.788375
1 629 843 59.377860 -58.826063
7 145 1155 44.677435 -69.899323
1 1292 1339 -16.895397 -37.942974
3 629 823 -99.583294 84.269626 1.000582
3 622 1558 -56.989868 61.123886 1.008202
1 1 373 -38.761376 -79.457860
1 336 787 44.967428 46.181329
7 885 1859 -97.641329 23.777666
1 358 1586 91.105791 -77.424961
7 293 430 -98.184262 -22.009358
3 572 1654 64.626392 24.110239 0.997956
7 779 1161 5.597906 -15.694921
3 273 2000 39.882500 -52.442357 1.003470
3 306 464 50.102007 -41.744100 0.996000
7 287 1429 91.031275 -13.188947
6 1387 1579
1 1588 1791 17.314014 55.226653
7 1322 1478 -91.354224 50.948267
3 835 907 -82.018538 -78.660667 1.005242
6 87 1303
6 1411 1543
6 85 918
6 261 1217
3 1662 1841 89.797699 -5.118734 0.982063
1 1048 1515 -31.874424 -70.076635
6 395 1779
7 12 1346 -19.706306 -95.804808
7 854 1494 97.442418 -11.500543
7 1636 1792 39.130727 -64.881606
3 722 1243 -99.034760 64.596259 1.003302
7 386 1581 -19.921425 -47.583004
7 49 1702 37.373859 62.051490
1 420 1890 55.354968 20.636349
7 576 1496 -39.856400 -39.302729
7 925 1712 -34.598578 -53.174767
1 1272 1316 36.876123 -95.876269
3 508 1327 -93.753647 12.850204 0.981960
6 802 1612
7 1203 1802 -21.412177 -98.124549
6 788 807
3 650 1377 -79.019987 14.118403 0.992055
7 65 667 74.176201 43.578916
1 556 1520 51.734420 11.849872
1 1043 1049 -22.994845 -39.615743
1 406 956 35.226229 -28.114037
6 971 1419
1 308 1326 43.243525 56.464301
6 1459 1677
6 1125 1635
6 1329 1473
1 301 871 -86.530160 56.180557
1 734 962 99.676519 4.284660
3 246 825 -64.494577 79.707663 0.988507
6 1030 1569
6 359 366
7 793 1543 -87.123084 1.624829
7 1868 1998 3.055051 97.002674
6 202 1066
7 408 1181 -18.440605 -87.539569
6 930 1195
3 734 1498 -57.906742 -20.534824 0.985613
7 690 809 44.322928 -24.361837
7 435 1852 51.896530 19.884157
1 22 701 -63.712543 2.625438
3 917 1507 -57.285592 -94.811636 0.980740
3 266 296 -19.223974 -85.411802 0.982793
3 564 1510 -80.586358 61.479370 0.987770
7 247 691 -17.000052 52.510597
1 1198 1628 -75.834271 72.529683
1 1156 1395 -73.570323 -89.015546
6 1183 1643
3 560 1992 21.734374 57.344381 0.981067
7 1324 1625 -80.360745 -1.395778
7 832 1235 -56.579687 -60.105850
1 859 1401 99.205258 73.326246
6 936 947
6 339 1388
1 234 1682 -24.275980 -22.984802
7 1468 1533 -62.742111 34.495805
1 374 1901 -58.667523 -4.278733
6 754 1029
6 431 1884
3 1942 1987 -70.572991 -96.485367 0.995969
7 728 1700 -1.540159 13.766449
1 680 914 -90.312155 62.775107
1 546 1727 -39.078957 -2.962484
1 1097 1467 -40.690547 -93.212892
6 1341 1713
1 1183 1907 -55.491693 -99.864373
1 440 578 -73.035479 27.851861
1 164 1692 24.553826 81.395026
6 233 1214
1 5 1881 98.816861 1.342567
1 268 1396 -34.892593 -62.879116
6 823 1933
3 1565 1709 -3.421356 -26.853650 0.981954
7 1249 1255 -86.203453 -96.726900
7 351 680 72.121791 -66.269324
7 410 1039 -17.698325 95.373035
6 80 1143
1 685 1837 -41.365863 39.241595
6 386 1732
3 59 212 -94.866240 -92.771598 0.983464
3 187 1537 -55.798902 -19.994969 1.007182
3 18 1288 89.586828 -14.583208 0.999409
7 974 1433 -45.014875 88.130643
6 966 1661
6 308 414
7 431 1681 50.871402 84.511687
7 225 1118 -78.166602 30.668811
6 256 1630
1 1088 1315 -11.560398 46.990308
6 691 1751
1 185 925 -93.082693 -26.714477
1 39 1024 13.974215 -94.735837
3 1213 1613 10.406674 68.434579 0.994346
7 595 1822 -94.112568 70.576077
1 273 748 -45.482479 -46.531458
3 220 1841 -93.506047 -92.704030 0.999563
6 1860 1961
7 456 798 79.973811 -9.520915
3 1053 1582 -73.225447 -30.320411 0.981375
3 272 806 -14.649286 -22.427383 0.994824
1 649 962 -35.746755 62.105305
6 188 1682
6 1221 1789
1 865 1934 38.227758 -10.849058
6 690 951
7 1324 1612 46.873039 -82.436353
3 655 770 -44.563751 34.047118 0.991601
6 483 1948
1 385 663 30.422762 -94.287700
6 996 1666
3 478 1025 62.086999 23.133473 0.999778
1 1189 1316 -96.525283 -33.988877
1 1634 1962 33.022188 6.078719
7 1033 1669 -88.375107 53.120384
7 1596 1911 2.740160 18.874468
7 556 989 -68.022458 97.722041
1 165 1663 18.015881 -45.977116
7 770 1764 -26.247864 -64.563405
7 1334 1949 4.515928 97.292476
3 824 1843 14.452066 -67.406332 0.981223
7 274 1076 33.062714 49.906476
6 1200 1385
7 489 1428 88.118746 41.474583
6 1119 1428
3 198 1070 -60.543700 -89.328719 0.988687
7 147 1864 -65.776812 -3.361740
1 703 1301 4.021453 -95.633860
3 160 976 68.040082 -87.601930 1.001650
3 195 915 16.924650 -85.490106 0.989633
1 32 488 -92.296699 -61.889351
3 1333 1440 39.896514 -10.647537 0.996464
6 237 606
1 508 1552 0.305625 86.916488
3 71 458 -92.736971 -90.456669 1.000596
7 1358 1699 0.984847 16.642963
1 464 638 -82.343984 -75.646031
6 931 1707
7 1694 1928 97.381442 -99.263593
7 1126 1567 35.683153 -74.864504
1 485 797 63.001963 89.661400
6 1616 1984
7 192 1700 63.628696 -42.385983
6 75 1357
3 774 838 -40.904468 51.001088 0.981684
6 634 1526
1 547 1979 20.947488 -30.113387
7 600 1357 89.882842 -46.711165
6 44 1781
6 333 1696
3 500 1549 -93.667864 20.266003 1.005181
1 168 1654 -42.651347 45.522524
1 1587 1668 -74.938627 -22.452084
3 754 1563 -4.409188 49.775534 0.999735
7 945 1137 -75.821405 -85.438811
6 317 628
6 39 1082
3 167 1077 36.957600 43.534461 0.982960
7 1257 1728 46.900046 -63.239390
6 1786 1828
6 40 435
1 61 1856 -53.429079 52.460192
3 1060 1202 -44.001048 70.734144 0.987319
3 958 1021 -60.959006 -90.596305 0.997634
1 172 1569 82.257390 4.839439
1 630 1575 -60.437760 26.190298
3 1290 1305 -71.518991 -10.810191 0.989197
3 1689 1874 30.097939 -69.263339 0.987357
6 991 1253
6 533 538
7 264 582 -7.216777 -93.873127
1 6 405 53.705921 -64.314554
1 1390 1717 -70.904149 45.281598
1 209 744 46.559341 35.731406
6 938 1335
6 784 1858
1 516 1734 -74.922035 -37.550300
1 685 729 -78.438297 78.865041
6 899 1813
1 665 1270 31.395745 43.909675
7 1177 1763 -66.113031 60.549027
7 781 1124 92.029426 84.480345
3 225 1101 88.041745 83.410877 1.007216
6 1526 1705
7 34 1810 -72.351337 -0.184045
6 72 550
6 563 1740
3 1020 1825 -2.130819 -90.267724 1.005284
1 428 1990 79.889526 -47.281215
1 604 1552 65.805883 34.120609
1 568 1889 67.717620 84.036626
3 949 1298 11.181866 -84.902127 1.001315
3 1281 1912 -52.012792 -42.640132 1.002713
1 349 682 46.950669 -40.175700
7 543 1807 69.668674 -33.554432
3 281 1878 -61.250037 92.534890 0.981114
3 1626 1956 98.191294 -57.698249 0.984085
1 455 784 -63.786347 16.547897
3 277 461 -88.551564 78.193613 0.983137
7 59 366 98.508843 38.750906
6 713 1663
7 63 1587 19.058305 85.699946
3 285 858 -65.346668 -11.421364 0.999809
3 1179 1781 -57.723427 -36.728505 0.981275
7 193 443 -21.377561 -18.380183
1 1946 1998 -31.519664 3.439068
6 7 676
3 592 1844 65.998035 -94.879941 1.001432
3 282 409 -2.754837 55.233497 0.992841
3 122 497 -72.480969 32.090655 1.005170
6 1642 1977
6 972 1851
1 491 1116 77.557603 -82.181390
1 95 1317 -6.452466 -89.116415
6 797 1938
3 900 1408 74.572186 -86.374279 1.003577
7 70 686 -13.039627 38.173531
6 1267 1521
7 47 756 -57.985839 -87.329124
1 93 480 44.517383 62.076162
6 94 1204
1 409 1339 -19.314057 39.392837
6 157 744
1 505 1943 60.076371 53.938583
6 104 204
7 794 1663 29.597615 64.177863
1 221 651 -98.380868 -91.123965
6 760 1262
6 35 709
1 1126 1503 71.580431 18.381668
6 333 1582
3 496 759 -35.612618 -17.790454 0.989787
6 1514 1808
3 1563 1665 85.558845 -76.644486 0.986372
1 368 1645 15.236314 12.935244
7 498 1623 99.101896 -53.003971
3 1475 1930 -49.246665 -5.686202 0.998257
6 179 1654
1 45 978 -72.057469 -58.356038
6 101 1502
6 109 1325
6 1162 1974
7 662 1771 -81.045976 9.511075
7 758 1357 -85.978179 79.728570
1 83 109 -40.651657 72.530635
7 13 1219 17.238312 21.271989
6 211 938
6 291 527
1 806 1647 -29.267127 17.409808
3 960 1209 36.331896 -39.777947 0.989155
3 993 1529 90.895697 -95.869267 0.989697
6 529 573
6 233 348
1 1533 1840 -22.977897 -97.913395
7 702 1680 25.785140 -29.471269
7 1213 1672 14.422076 50.093898
3 629 1693 -38.614182 -58.450598 0.997062
6 372 1387
3 143 1920 26.321363 46.973545 0.981132
3 1397 1704 -12.780751 26.658705 1.004957
7 713 1407 71.502438 29.843677
6 232 857
1 1459 1759 4.581405 47.208069
7 297 1263 -93.104168 99.133755
1 100 1866 -7.531144 39.148553
3 69 740 -51.850683 98.747890 1.002619
3 1120 1374 -82.666749 -77.022139 0.980433
3 1046 1318 -44.540326 -90.626195 0.997330
1 656 1340 55.185130 66.651202
6 1012 1968
7 160 1750 92.090295 63.104464
1 149 1365 -22.702698 -32.170237
7 10 1107 15.713632 90.824673
1 25 927 -26.568308 -14.112039
1 180 1103 -25.417615 -65.308219
7 690 756 0.158250 -86.012122
1 181 1603 -68.781134 66.320028
7 981 1555 -94.816025 -94.698157
7 955 1999 -14.281798 -85.050270
6 749 1271
3 561 744 -90.360645 64.931693 0.981112
7 1291 1541 -99.530880 79.674377
1 906 1809 -19.165608 59.701287
1 1169 1220 10.389791 -43.368455
6 535 1456
7 430 1893 -99.183723 18.714303
7 1221 1369 -76.934652 38.772440
7 1034 1108 29.316541 -36.320580
7 583 1564 73.717175 -74.252216
3 1614 1774 88.500837 88.137415 1.003966
7 453 1719 -38.815509 44.895970
1 646 715 66.827634 14.857367
6 91 355
7 1092 1228 -90.308501 19.612415
3 161 1332 1.160430 43.138328 0.983228
3 266 1309 -30.141309 -25.940234 0.988089
6 1102 1631
1 1321 1661 87.985242 81.051876
7 311 1454 45.815241 37.901384
1 14 216 20.943437 9.733860
6 264 656
6 1672 1790
3 453 1606 -98.649158 -66.260431 0.992549
3 176 949 2.006351 37.262021 0.991658
3 1232 1740 -99.022528 -9.820392 1.007300
7 212 423 -90.590408 -51.791704
3 362 868 91.314211 93.748795 0.991463
7 1680 1901 -93.286445 -23.863568
7 836 1044 -42.529781 19.421965
7 463 1893 29.211475 -91.984399
6 448 697
7 461 925 -14.526883 -41.823565
3 38 1559 32.013511 35.163995 0.995022
7 168 1442 61.759182 -12.494083
7 1258 1803 -59.712946 -90.134957
3 915 1180 -61.325887 75.912960 0.981589
3 378 1404 21.817896 52.483667 0.981994
7 39 1822 -12.091312 26.568603
3 1349 1384 -74.676941 68.954148 1.008550
3 798 1683 -5.768959 -64.161424 0.994960
6 393 1738
6 482 1833
1 968 1319 80.766496 94.467692
3 126 1528 -56.982794 -96.651682 0.995806
6 229 612
1 74 528 -53.796082 -29.197045
6 720 1428
1 420 910 8.438786 97.468985
1 107 507 -62.292500 -31.462791
3 1640 1719 62.217437 -98.721561 0.993130
7 362 1562 69.595528 -25.666038
1 972 1486 98.925814 -38.328717
6 294 426
7 666 1937 -97.163291 -89.741252
7 250 722 58.130825 -93.557674
6 297 1372
6 462 1589
1 670 1369 -84.847868 -34.433883
6 397 1826
3 1083 1861 -20.048217 15.424401 0.982116
7 768 837 72.582293 -53.039697
3 448 1188 89.535759 71.706853 1.002982
6 25 263
6 763 1282
7 48 1276 -97.622099 36.627024
6 105 489
3 663 1388 -10.353756 -0.652955 0.989776
1 1524 1714 -63.064844 81.253193
3 572 1765 71.369442 -76.673176 0.982684
1 1273 1298 60.307690 -98.205680
7 1535 1952 3.026422 96.494770
7 1754 1982 69.337288 41.479849
6 18 55
1 916 1065 69.265429 -54.606575
1 1152 1348 16.689484 -43.174906
3 297 752 96.851633 -35.884958 0.991467
3 76 1780 -63.513326 14.449739 1.005866
7 1118 1743 -98.516898 -10.874287
1 524 619 -24.811583 -34.458545
1 365 1028 -66.894027 95.422053
1 537 544 -53.073109 -1.587042
6 1004 1345
6 446 658
1 779 869 -5.905127 -50.424513
6 179 1775
6 653 1617
7 440 1549 -67.933963 -65.947166
6 1736 1749
7 432 1891 65.152739 80.755290
3 672 1800 -72.672089 -40.053482 0.992869
