-8.313585 -7.777016
89.553763 156.056960
79.271760 90.087581
19221534.957926
84.783264 104.817714
22991726.025473
3091809.109661
11386694.504104
17.782805 -117.805031
5783613.316215
71428763.709632
66.072176 -23.866400
135.783177 36.204519
79.988265 120.947003
50551533.992921
105729766.863149
112380511.404829
568665.323473
29.394095 104.092737
26163926.278843
13.614775 145.956160
-28.908033 102.440942
111.314704 67.920730
71.749181 87.469470
54.152540 68.624665
18490110.019100
49924947.118669
3994526.674471
2116078.037911
18649421.847898
48.336411 -65.593683
81413497.727587
45.241693 147.590589
191.247428 119.611600
350.604685 95.888067
129467648.639528
186759983.336680
37488955.931238
11070126.344310
-6.791590 158.079063
-41.744853 117.445138
140709043.136052
125.557709 294.060180
24984508.177870
177.007248 75.841927
111694193.152648
257.732312 41.546428
166.630527 212.262527
97.652749 185.506021
231.052406 15.966090
63917642.262185
15968060.051903
68.173423 261.505877
220851221.715869
181160976.265941
134010892.570281
58.005345 282.993802
11993905.609630
110024275.685304
-386.289978 230.850742
163.958553 101.193798
73.340507 70.246194
88.586931 60.271930
179234738.299381
181105716.709481
1986459.109754
102.434317 143.409317
82.494142 268.542050
100177489.079420
49.774081 -86.443073
130637557.731358
136.145245 60.295586
243.252926 -33.124605
24448034.015522
9950464.346921
530.324702 170.271891
117989851.645888
9925014.223637
-25.739868 48.841232
-201.159463 -59.943430
260.019741 -162.376579
-305.402109 -55.038804
128.564568 23.530197
230.159419 -42.663253
124.456605 -83.358488
158.182947 -74.013273
142.288090 -119.490047
19499483.063138
282252274.501069
228786315.175343
227379383.270394
242.198354 221.476171
45.004744 32.558079
-70.026457 -14.242009
136459986.924891
81.139076 -112.210415
1260185.879918
-40.619099 189.462352
88712.342441
-146.041218 363.349694
-161.237689 88.969272
118.504196 124.040765
98144493.493289
26821755.605333
-122.086682 110.433636
-147.387483 -164.990638
-48.579703 -105.539996
47660702.022274
12358815.312932
137.044960 -315.205424
-282.958644 -172.176238
-3.793698 -31.967527
49631206.724345
206776062.550124
229106319.565502
2940469.206745
86.519985 225.599224
95981117.216734
78.682363 -3.410870
157474560.493392
-47.587504 -11.592909
15.562902 -74.841578
-56.011148 -217.675265
34575394.141008
57486250.055849
243173200.356814
358.740742 -314.638733
-67.403218 -38.673240
144126125.547665
-11.855381 35.069037
223785949.550027
11.509689 -38.342653
92025681.220716
223838976.977306
2722849.615272
-57.535644 -296.973761
-63.263324 -247.783968
139292421.293649
-34.502049 -157.052287
-128.214175 -166.722634
284.746550 -194.890276
227708816.591561
175.079983 -210.642495
327131048.744815
559.850615 -145.912366
9.620418 -136.802421
-110.157847 -174.144599
125.617209 -164.363440
207022688.236453
366396546.798575
-68.928573 47.295852
-52.460821 -125.717826
143421238.134144
-298.157884 -111.288460
-0.797122 -481.646206
44.604652 -340.837324
-440.454301 -41.009284
120014484.455928
-611.424300 -3.521655
194521698.577334
-34.141814 -240.680309
-279.035098 -210.371736
-295.426272 -195.600260
-255.497077 -145.870880
4215107.341844
-626.188373 297.153500
-658.662027 -4.919311
-179.249404 -151.046474
111730024.779978
-294.417310 -173.141199
-150.295885 -275.368620
-86.209365 -306.088156
30021373.497589
156561078.197345
-301.094415 51.328435
431731355.459232
-560.926254 -269.633632
463533794.478747
-281.149376 -196.791513
-168.433048 -498.032906
385952055.078638
-221.334099 -341.194289
-374.730395 30.799592
-264.111996 -224.037197
-374.093286 -292.228095
-237.653115 -283.168517
55229004.560466
-653.743157 -435.221995
380686897.868259
289254445.220264
-217.470706 45.988110
31574502.778626
364259518.552531
-343.512259 14.643480
167659574.858762
-421.583970 243.680784
80311615.081385
-422.097039 38.566731
134572436.910276
92537260.143519
-191.125433 -31.741415
32.893646 107.556709
199446927.144301
48256878.865226
-92.186041 143.374842
39.767824 67.065036
85517449.014595
-45.587051 360.581517
-128.434063 223.733354
190894950.264876
-81.297668 280.252639
119.762389 91.842165
394167072.139277
195107854.159078
173.861883 520.058783
327573292.804204
437033451.570863
370.125139 96.510068
258.674030 158.311015
574703173.839673
135.143782 186.724193
44734205.447293
-215.957970 228.112270
-343.893459 202.041771
-470.510274 195.361329
-409.754534 257.360962
779865004.056317
50999226.721054
531650684.917746
23375521.283576
295873110.418970
-873.082303 870.951591
167.028593 161.334813
-349.135619 236.950731
347165483.194355
44.689465 254.499724
28508514.213134
536016366.436000
-221.055927 294.694180
-198.736998 213.128387
7453446.877135
-408.618589 150.319907
100264527.403565
30259094.210615
-491.922332 -242.776928
228409468.540901
346492954.971107
225076296.117765
32.956910 160.816629
289729908.534358
-326.362823 145.929128
-485.719166 179.458008
415446098.569687
-227.048980 158.743027
274357272.080488
170910357.166849
-233.767331 155.169424
-161.111026 136.926970
181754721.529365
91287556.818121
195403214.627546
151365711.176248
-49.336522 34.284332
-168.694711 60.489830
425687098.574276
551716542.260726
-423.412086 -25.099477
-193.556522 46.913674
-275.402217 167.627833
289077892.136409
-418.174790 50.609929
-384.290821 -166.822556
122312592.838597
41482354.759426
-261.759732 -108.608208
47863526.526465
57401437.056418
223165255.071512
164894446.692291
524233365.726483
309731624.895063
-20.978129 -283.448762
279533575.374237
-86.355064 117.197555
131742298.910677
101100958.798592
-505.059143 67.300414
-175.584863 207.721026
227468308.722624
241284448.921133
-201.800855 53.432446
-264.239529 -95.280312
63533630.964765
-312.936824 -112.810017
-41.242786 -300.297823
-37.300855 -301.712905
-85.258062 -333.579815
174851531.413749
7545519.238346
177532047.942375
24100915.152238
574651264.873268
-374.412688 -265.177678
-15.799920 -317.418199
39983596.861037
63.196567 -286.773948
-167.475491 33.910660
11541360.648566
447782903.135634
304.319419 -515.936363
94363145.188345
121810715.986062
113640561.649411
95.943865 -361.407012
-179.170511 -253.312112
34208554.517632
48660389.827588
527736114.792068
210046566.871279
420546569.179496
61509690.557495
-56.981117 -347.608715
-147.741116 -407.549146
845951536.809711
401651462.005879
587718153.412027
-108.309041 -522.952992
284.579888 -697.243137
336422198.146344
-653.719778 -1104.141235
121213650.475707
323.887922 -156.138110
294973249.632544
309.471661 55.882091
384148761.323607
500.833779 272.103994
539.636377 -115.398963
530.277626 157.182915
36874314.537963
800.759694 8.391701
74287124.746735
70.433392 658.234149
180.725712 366.642519
355.178301 508.846773
105.475656 674.310573
573255903.166679
3106284.329510
168.826404 472.765501
100.214370 582.393194
152909104.248277
146630002.396186
445842234.952490
469972299.091976
51.470439 502.506801
408980424.905793
21244097.826237
419.493716 389.133449
376.761884 223.879810
453.592144 514.877320
394617365.304419
309.745735 346.210589
-529.199580 745.590767
206.981722 542.315320
-86.541802 452.448594
1009456006.058539
1072822749.259499
-58.776102 303.474404
-93.570706 599.483203
-874.389910 458.930631
481929759.481072
199562613.220924
-313.456244 -725.605712
1028929624.289701
334.331752 11.399619
-968.538658 -375.749531
698620863.194917
251469779.823860
-456.513500 -763.083292
1683443694.780709
-339.212585 77.526534
471189737.375045
1568364395.475948
963747898.512481
260.940690 -342.321884
915799256.256457
-428.901137 -194.832686
966856925.410371
1648951835.915003
411651879.904880
912014054.452561
-583.736135 -77.919329
-242.537829 -309.657281
1325847643.806215
18847605.145354
-282.789105 -16.318125
-76.842876 648.593593
1253475455.292708
-105.527045 44.511444
38.177717 -10.244158
185.793020 189.374763
876014368.957560
958155684.431272
1331173582.124111
66.046124 98.518088
383612517.297359
762978061.039378
-705.361130 363.587987
1.486940 -430.724765
153610188.852266
1477220544.203100
-186.329226 -216.825542
109228390.941907
767817588.044950
426.238731 -480.748567
209.309398 74.536971
16.833493 -75.529490
42.048473 -311.558800
100876932.188504
-210.890421 -100.922904
-317.959811 -268.699281
-295.664414 -133.942128
-290.755497 -76.563512
954054589.135920
574947772.876992
440396540.468070
1504706347.199948
615193209.640850
-468.224163 139.350650
-682.165696 -12.414185
864734911.295052
-275.859161 -114.446892
157.792706 -252.532441
75265223.051232
46355614.474028
882.601413 -79.830745
548.318502 -249.074472
-80.258433 -388.086395
430495550.581477
-263.870114 -145.263782
23.013540 -377.571792
-210.430904 -104.328448
12406553.451662
-410.895429 183.260950
-286.367717 -205.443255
-285.437068 -49.762823
480.079847 -392.937017
-136.102032 -255.741397
316951900.213648
-377.496537 -76.043747
-271.551512 -126.553887
-411.449838 -298.341861
-645.156323 -276.809897
300100043.586608
-296.370304 47.257707
-909.195679 437.962165
2202996536.524388
24833557.177571
2215639437.238385
1103292114.611709
2110362254.329758
1852548964.231288
-92.887357 -150.689306
443887006.959782
2135022008.626303
2296392101.591721
127006747.021074
1424150377.155981
-218.522561 215.088563
-521.679906 282.682864
-135.119804 94.620365
-383.668388 205.205890
1766065360.015218
137.250395 132.133649
-171.774995 -126.598449
-743.717752 -465.502673
-343.460348 -585.657315
1377532145.779858
-29.332686 2.206845
-273.096091 -96.748298
63.294573 16.939937
228.772596 -1613.116461
127.822530 -267.688666
76.250428 -335.081603
1580165658.351225
-207.139532 -169.910766
1026390029.161156
207.934950 -290.295243
735137246.621378
-724.809970 -607.760904
1078746192.080687
162.368977 22.338907
777109638.247745
143.964927 7.767766
-220.580431 -186.141930
365937712.132909
1344842020.758064
27889514.189751
2083725299.637945
57.834073 483.213254
999199136.311251
-118.579435 2.258418
251621960.571597
-422.685160 -3.504537
1491749508.438866
980796597.435553
-389.279910 -16.410311
850222121.916058
367565356.292708
-324.372295 128.368123
-155.797489 -96.672759
1323820819.546526
422067795.280419
-263.588002 -379.402455
-130.099199 -177.776616
-137.905836 -18.301234
-128.385806 159.052982
1151560038.385150
1758101754.308100
279288634.019843
-116.099985 7.635845
328742113.552550
563485631.907975
-96.500279 -0.013576
137.754634 376.799421
2093683899.057811
76.756509 267.324632
-143.608516 242.235997
2097081492.326400
1367976070.737977
567997279.297797
1148692739.605567
686060052.309554
75.288601 230.724984
176521363.249621
888431025.547211
150.535504 65.214535
1481808026.717161
668382250.186993
949806807.405043
184230776.947420
-5.198020 247.704515
-288.311506 -239.850856
-676.397218 -88.758684
1617061063.777285
-259.317800 -350.145057
-250.113629 -89.693060
-163.591159 -166.617354
392805024.673321
344632514.516513
464.303194 -136.267791
197.403066 -708.289229
285011847.065456
80.273220 -94.005838
133630474.806898
342.780480 -1097.690170
514432333.467459
252964746.635386
218.661968 -610.490766
847780818.993883
1795162319.845769
-304.392774 -37.738925
218.772693 -399.945991
63.006233 893.650333
981101057.505252
752990890.858757
1046.675423 -186.390475
-58.671399 -163.562557
45.804034 -280.927672
-343.262339 -651.809366
756903324.166082
1037262796.926595
177.619292 -366.355073
160.067468 -410.919310
131.135532 -293.907718
1446809582.644745
1117003148.224443
222.750048 -460.582312
1284587465.305197
343733112.063657
46.773769 -282.644229
207.650671 -652.295724
-230.676647 -162.431314
-616.399709 146.634214
-367.134138 170.828607
1365132908.224592
217448309.539144
430609555.398527
525.488729 237.141183
1839394737.940562
353.205899 141.389644
351630774.124092
592004641.459241
222.731726 214.827952
405.119587 322.072515
766517569.594590
440402880.798051
40.946592 88.054992
2165695722.030478
279626887.273066
1396730576.800195
-59.035565 210.293583
-288.534334 12.486924
191334545.495378
-22.152288 74.201803
1491943806.521542
-219.501019 49.227369
-315.217207 -2.243757
-72.786551 221.839469
29948102.476727
-264.278061 10.489877
287.687760 -122.195349
-321.305647 -158.894606
1777033195.248732
-198.489480 -134.973874
375.726837 -239.528420
-81.422660 -94.696889
2287753257.474080
391.607436 -156.169683
-508.164972 391.033042
537237103.926095
-445.707634 -185.205472
668802580.111079
778818672.504666
196531221.352994
191100052.962455
685774266.392420
-102.044938 -144.692002
1.464225 89.309717
327.450587 649.619198
-290.412449 -57.513048
-753.218353 -205.987349
1925320931.097277
351436569.999920
659997716.249589
-91.777285 42.610078
-167.563205 -235.583057
-362.158445 326.979456
28664245.781447
-223.457844 -14.215620
820598971.245322
560673228.247932
397993175.171529
220.737760 282.453815
657740163.223613
-42.448198 -467.605796
563027542.154300
-397.541171 -218.521998
-185.631398 340.669008
-166.784260 -604.671098
227245605.197433
2040763736.900003
1207782093.521301
167.331008 -381.820907
79505598.989651
4.603051 -377.650685
299994988.633777
-462.938455 518.224326
380796854.929585
296209680.859151
896670490.024617
85.566140 -859.136278
248.559546 -228.286930
-58.394738 -40.307353
107.863261 -275.167544
642996724.706035
1177716748.021492
1213824172.380399
1018943051.315810
473497669.848658
-54.859917 56.412784
171.987019 342.444984
-174.652047 177.681805
1222536373.044405
2165943746.767649
-271.130690 193.250383
1841567502.841404
-248.211124 97.186290
-461.099029 722.613952
332109034.571422
-212.206859 164.410751
-247.256788 43.014090
1339311977.120814
-123.098152 506.013622
-316.226528 788.788009
-29.519527 403.055456
124446439.895389
498358454.570633
733762890.649094
73.121074 -28.547534
-94.948392 177.943468
521791968.373729
1063138246.961735
305.121686 100.343765
167.770306 -1.149892
2408759750.220179
73.331709 139.096133
39343835.776367
1792873276.371995
-151.672934 13.019395
-91.224087 125.162047
838466938.676562
125.548538 494.415942
262.361432 425.706174
1070.337058 543.698103
996899172.487123
1225596700.367793
-235.998426 59.330991
-17.322271 -232.038207
592.615597 89.204472
163.325544 -15.013653
996.279250 214.879136
1223931779.297851
245.056969 16.663306
1969543678.759412
-312.739260 63.078358
322340410.617578
-500.092160 -831.606910
149.674523 -340.199579
1298392169.697481
283.781380 130.467884
39.438017 46.789882
540844033.090185
430.207453 194.979072
-306.531167 -287.807657
-141.598464 -46.189100
1733463170.340427
144003229.922557
1462374048.785130
-329.273028 -396.728527
419.046319 111.338757
1455331026.477902
213.879512 -303.503229
-54.318314 -129.541278
-123.510836 -110.222292
-71.700582 -131.640931
540.508444 132.329147
310337128.034886
784983394.591235
376313466.326291
-219.235265 -70.173330
-192.691688 4.687783
910586115.970157
-16.726380 -148.220392
8948292.523436
587116217.930056
57620914.544145
757308309.320080
-9.756150 -165.952041
198504237.565626
58261717.498227
1331218462.606514
205.597615 89.107084
1261077622.975099
182.955635 65.590040
367.525914 -78.233338
1558813226.742257
-186.169031 -372.909982
2091604884.520359
-287.158181 -381.677634
1233742685.710435
-27.281327 -86.585737
134.103530 0.130891
220.537122 323.286970
655126289.363263
19.889358 -325.792578
-378.675652 -214.459891
1164146943.854470
-111.751957 199.611034
-184.263204 565.551464
-160.315858 236.793407
1586632583.850906
83191618.500788
213357011.887311
1560292430.393046
359969265.495419
-104.889873 -249.143441
