-6.742313 -7.152212
-3.929498 2.909433
-7.020099 1.993697
8926654.500014
-9.192864 -4.990812
-25.632670 18.109478
17186952.729871
102.638161 -91.163778
1375081.146539
1560896.591225
72494470.054792
-27.732659 4.243918
317407.164753
-38.286551 53.769204
12219655.936746
18554609.733917
-9.587991 -129.081893
-26.450343 -87.913631
20.291742 -20.740215
-97.780388 59.978211
-23.298143 -9.535228
9634563.828344
11670.972638
-74.601497 -58.962920
49206492.147885
96599516.374504
-47.682126 74.261057
58984338.651182
-69.572370 139.701590
-45.325338 362.936031
16187973.122750
65.957822 -128.115027
0.497528 -51.842178
-79.805967 155.391335
200.446460 -63.440810
19183762.218414
66939127.030616
44902808.190782
-51.986590 84.664956
-21.783303 46.664255
-50.892827 126.090010
71.149648 -48.411259
72.478266 -20.511791
26450988.936712
696020.249513
662060.707268
121.322608 64.331537
141.504195 54.065825
68154970.888098
-128.213640 63.024438
29243884.738117
-74.602149 84.858887
-7.619102 -70.048217
31726516.519642
15644299.220578
8380365.702226
1.927344 -27.804647
0.031188 -49.428130
-4.370444 -25.967204
41965104.235376
8615141.168273
0.688071 -26.077614
13377112.471214
26860582.869756
-18.284630 57.208416
9405308.321756
-13.631046 -7.404973
16043345.392309
11.914381 -101.632473
63900547.834121
26366073.634667
-39.618434 11.446593
39.850013 25.716502
49296443.376146
15368118.780957
13.288478 -6.889991
-52.720702 -204.768139
137.669461 109.411281
-105.400554 -166.441299
-53.293909 15.295396
12789483.558755
-26.016829 55.886653
-76.947879 59.382679
4867653.748882
8.699064 32.388098
10414028.943786
24964790.961312
21054763.707937
-59.639312 79.802125
5331908.258358
4255634.703486
129.589870 -171.774131
48073274.542988
85162914.528243
97546932.265458
40819362.985318
41082385.311272
39.221756 -75.480647
-22.983453 -36.830424
3003549.516416
49.309501 -97.407465
-32.263210 -40.233316
75460882.425254
24.931866 -97.294812
147.616374 -131.814321
38.740809 -82.568017
-63.032527 58.309280
25061543.291045
13003536.673866
6912606.647423
82.165900 3.117885
396509.408590
10798022.379350
38383973.325223
-16.669641 16.224389
35298172.222337
105.142680 14.034690
21143322.222634
65.840976 -172.122012
-0.938819 -92.576527
-25.380196 -137.241878
30.637271 -272.097638
-109.502640 -112.472481
37471987.775910
965066.730805
61067059.251171
-51.468289 67.152555
-31.842144 34.629145
17977682.197270
540676.174633
58.833000 19.927583
133.954704 -154.634237
55660314.439582
55.605610 -181.261659
53.323729 -259.462424
-50.823681 -143.363790
8530036.682602
17515410.433828
22308691.909461
39408785.558531
27071741.852434
30251871.853362
18405215.221796
566828.722915
9099969.572191
17594523.807528
10321812.315224
41114154.653252
-10.118119 -33.021926
9.996224 80.554097
199.506268 221.902485
12589163.406027
12722285.665609
66.198709 125.243184
45.141254 52.859181
13370655.841601
156.272287 -59.995153
4875649.389612
6803130.713843
40352177.736519
30196239.152266
15911411.777145
-121.582935 -60.469135
8104380.294753
-30.513242 155.833182
91205028.182102
46157145.137090
-63.121349 -105.328638
-21.215858 60.832590
3474262.334437
-51.194674 68.132577
-37.623819 161.710929
49.238898 44.184791
15963205.696028
2856544.646970
380806.354875
-26.475123 44.860525
4.220694 33.542539
25.548051 -21.306088
29996446.444517
-3.220109 58.925542
71934762.390569
4323090.889436
897276.992923
7755534.594734
14331672.805225
128167538.327881
101061858.254816
14747413.115440
11122614.899138
124.453905 -127.275476
40.679161 43.473305
104.937940 124.455814
41.533149 63.728927
44040870.083105
129128808.047209
157.209724 11.115425
44253518.059991
-17.033276 415.961322
126.459009 433.986210
62.186054 202.768422
8869339.868922
86945425.361951
56.436530 418.528219
235592631.533801
52.625753 -107.333344
-65.261786 34.484482
63057334.253642
10491051.931161
-28.180339 35.080533
-69.752813 -9.004326
-10.255699 -1.131062
98.631681 82.503171
-110.521451 18.716015
-62.556064 30.022975
-31.591343 -177.120334
8374934.979033
-130.660129 101.457431
-83.709801 -9.277266
-55.151427 103.471756
27258289.097244
35098804.138230
-43.555642 103.885753
-1.428077 56.578616
18787167.178418
22312578.147512
-50.830363 18.001196
7894852.779962
41322392.735902
86820605.157739
-54.085636 -86.800227
44276754.170534
3820173.331611
-31.727500 9.098716
-22.663603 -36.498854
-30.639889 70.324757
1274391.655203
-92.122590 -76.815121
-72.745627 -74.522741
48637442.797608
9538100.816481
20803492.525788
40551840.678821
-14.209278 -63.985153
-15.841508 -124.290424
71.510267 -96.596870
37730262.382044
-5.253016 135.605336
-10.551555 -27.720908
6597002.977583
2118797.778892
2433495.518854
58599484.698487
11162036.033272
149.129846 -318.150990
5117530.946342
18.867607 -6.699953
52.901138 27.539080
7063359.315910
14.928030 54.938211
19.995001 4.711048
12677524.703962
518071.461496
30276935.805376
346.519860 -375.709031
3644583.052681
21.833811 -18.242363
4024709.790364
6.376731 31.559184
18512770.912649
8821040.749971
143423386.805192
-121.297064 87.101574
88.482380 2.702444
-231.200838 91.526409
-73.273903 180.592097
16992395.690277
33445520.208957
13.687063 -0.748184
-50.943419 152.428121
25.622572 215.918275
-23.050931 157.844015
-20.321114 121.440640
-8.415987 79.212869
6.219706 -85.091581
60.834771 -44.371936
-18.895312 -42.069352
3961016.229960
-12.481165 -14.173854
22310573.280335
4920015.362966
50.428910 -2.860996
10.328253 -8.455671
90629219.889092
-63.369880 -273.411265
-7.111770 -157.857612
-54.385159 -96.731063
3720991.385965
1772267.416965
20093799.118568
-11.142226 -59.625526
6926448.280057
29945324.397957
-20.043032 -72.388782
-34.037806 -91.410637
78668732.318095
64196651.538234
5538161.898096
76.744260 55.649863
54596228.219224
43457867.264590
-39.474035 -116.882848
87.520601 48.232834
89.312263 -97.330015
-47.625863 -82.012872
-176.833965 356.288604
17538400.282747
7085652.854875
184.944833 142.072579
-31.744248 78.581650
7358549.597101
130504685.472445
225013796.657017
-3.723707 5.161392
-7.105201 -25.094109
-87.333605 -42.577751
215940960.464682
163932444.107070
62744491.191165
68.719703 14.173815
104.976559 -68.626142
56.359724 -102.369232
18406171.999333
21032538.489652
1519161.606051
-51.014062 17.313074
41032000.616119
67912844.783949
66320409.096826
3207368.021502
-0.176172 -29.783006
73741327.874028
138.566979 -38.950289
28265960.154484
186.476672 -74.667263
2298532.315193
9683589.000528
1.795918 -56.407914
-30.974204 -207.913887
-16.356332 -78.620680
53653850.203894
96360763.591935
-24.786795 29.949268
-59.689823 -54.879634
28515647.006922
105359587.967726
123090118.770024
121415631.286489
2964.262867
3214136.143540
96727725.114188
-110.965112 -256.504913
37.963903 -123.919593
-3.042566 -79.071674
-65.307966 -124.584170
-160.034002 -186.842100
-264.601328 67.163085
32870129.489068
18161183.035416
1228959.338076
77.826195 -215.191528
8323755.688804
-31.741609 38.454872
663084.032930
-7.209956 -60.706907
43814554.107446
43106209.793404
-37.482487 81.926602
9798270.016921
-89.004603 15.115841
12981291.059924
-57.204166 14.480424
-57.644298 -61.153625
10425946.488015
19048412.943237
103.476441 85.364912
-22.773847 185.838683
157.866897 -15.232763
43937340.526034
101.069273 -83.498805
23307196.382120
44.764883 186.634268
44617401.598856
-112.303370 -5.865884
2430630.863901
55955823.931926
-71.904435 -53.930941
6277198.399309
6068782.324225
124.957107 -1.624447
17977383.162747
-24.210732 -4.611971
4517380.324532
14931499.697360
-242.642155 15.160150
3115865.794437
-52.565504 64.186643
-78.454997 -131.616932
-29.426759 -154.879347
-85.740442 -141.842118
36711106.695633
66998286.326084
31863714.412635
107.937079 -283.591800
-221.895284 -68.213492
215.759338 -37.842241
15207838.375332
67427456.685391
78138629.576818
11453993.162859
16451340.098740
36157679.255092
-111.086521 31.488697
32041628.412679
21458169.519657
-77.313280 67.100872
-81.800090 -184.901225
-213.637798 139.086025
56.860276 134.069305
-36.767878 272.196631
8903853.777637
215.521948 -148.292107
136.300341 -208.359927
243.973810 -196.144362
67940778.873101
88.377764 -111.957371
55.518625 84.342540
24733.019236
-58.791516 -103.953295
-122.808271 -44.218918
7.559815 -28.642316
-146.587358 17.970569
333904.379708
-39.958539 5.000117
-140.602472 -55.215101
-59.779708 -121.003643
16.727259 -10.950721
48.913811 70.083343
31196174.274638
5719551.629670
75.026422 -103.693232
5079741.149135
-26.514586 -105.741172
-24.108358 -78.937555
6338558.524915
28.671962 33.164045
43.808031 104.222525
37857609.932613
-18.091756 177.868661
26284904.210791
4.877950 -30.063308
4071958.416309
71434369.796676
52.338990 -108.187840
105.985959 -51.296981
4663442.785637
25.167644 -73.111655
10929315.651539
44744519.003103
179.408404 91.559658
173932013.800443
80337002.196206
162447395.420106
52647573.678972
47698892.158698
-72.281342 69.540861
-35.936823 83.116064
22.542568 30.321913
-24.111338 8.250756
20.569499 -84.208799
86273662.092606
-52.435577 24.210892
-100.802183 -39.289159
26428524.558505
3.825663 155.959301
83620224.594526
4430249.792841
4329320.639030
2842899.416386
-22.369776 -11.393692
6129869.352161
30843187.456794
-82.105008 50.671112
-122.270357 36.891764
-83.707612 82.710185
-57.933290 -59.909723
-84.006038 -120.028106
-238.738824 507.394212
53652551.308059
80954444.060404
14309364.841128
12.166225 -151.040546
20083301.679730
10612428.040684
-31.742094 -48.962928
-37.023045 66.220072
-15.238904 -99.744985
-108.386816 -103.265141
72967822.004120
30.565480 -16.831918
133.090246 76.432472
41.549124 74.551159
70348445.392300
101526111.022205
148.420255 10.553230
6150005.643300
11692508.741378
62433087.300895
165.074705 -31.387338
-5.337231 165.206235
-133.388997 -103.560248
-151.987329 217.835406
155801655.962054
18760881.202226
13.303310 67.899508
191678856.007848
261203732.741880
1860687.772693
12956129.729486
-90.229893 -36.354318
-102.169660 -34.319670
14063757.893508
65.073137 52.774917
-93.852848 -26.140745
-48.420063 45.325190
-33.304133 -26.273231
4336689.996706
2.762995 -110.713931
77291428.012000
77.569695 -8.708333
55563457.872538
-61.099287 173.667455
-154.037175 8.043017
100504023.089744
124637110.493239
-119.885722 -149.295605
36431709.530244
126173822.204695
13625155.524265
2929452.661180
12953761.470880
38007387.200005
9.440352 -30.086191
13.993694 131.189140
27285005.785346
-4.217792 -90.938958
32762698.336946
867197.398830
1342255.009503
14113046.578908
25200270.493320
35335160.561018
116.975786 -19.566846
9001545.033938
205.754444 -30.320621
30802894.969661
